-248.833025  	152.039881 
-294.341398  	-19.751995 
-61.095599  	-287.366191 
170.042278  	240.477907 
-284.404912  	88.942939 
-18.807461  	293.089200 
-203.886186  	-207.806215 
-266.726944  	134.591000 
95.877614  	277.826354 
-159.511563  	-252.747030 
125.172293  	268.152750 
-275.450415  	98.818364 
-266.108136  	-130.806956 
10.078073  	-290.746337 
-175.232398  	236.251152 
-294.077105  	6.682517 
188.643070  	-223.048856 
-149.072057  	-250.007044 
88.295488  	281.188383 
-81.085741  	-283.831116 
274.635839  	-104.403813 
-290.660877  	-17.500129 
297.134658  	15.165585 
-291.834837  	41.885893 
-293.863139  	-28.886945 
254.188859  	157.794245 
-227.993189  	182.644753 
140.705777  	-262.369747 
-170.161279  	-234.906661 
213.805947  	-205.241363 
292.803616  	-21.237757 
-217.851490  	196.536837 
65.642564  	289.043342 
256.191251  	-154.450778 
207.097127  	-208.018701 
-217.679744  	-200.607899 
-43.793323  	-287.318891 
-188.862197  	-229.152941 
-79.728738  	-288.927895 
-272.703371  	116.978081 
-262.811556  	135.000318 
179.117462  	229.318413 
257.581507  	143.943625 
196.348139  	221.520672 
-50.225613  	-294.512118 
-257.878450  	148.925165 
-285.309742  	89.595485 
-274.794687  	-100.239115 
278.409210  	-94.991115 
-191.183002  	-220.215939 
101.520216  	279.747468 
262.227080  	137.437108 
-245.253422  	-172.231701 
276.871197  	109.655554 
103.421416  	-276.141288 
-120.405009  	-266.930016 
238.750455  	169.888847 
34.679330  	295.491699 
-150.844153  	-249.527637 
-136.898105  	-262.918065 
-292.216640  	-37.569076 
194.830600  	217.428235 
-67.869417  	-282.729097 
29.329507  	293.509421 
113.044735  	-273.418887 
-261.872538  	132.108947 
279.800200  	-89.531270 
-192.550249  	226.025224 
-242.661758  	169.585587 
-289.420307  	78.376563 
-6.406859  	-298.288371 
-288.464958  	36.782712 
-233.505322  	185.025038 
-121.420014  	-272.081202 
-233.742667  	-176.528654 
-283.254892  	79.854031 
-87.014756  	278.031351 
211.815349  	203.914830 
151.595856  	-256.699623 
-119.738314  	267.072530 
-178.993972  	228.436332 
125.524525  	268.193202 
241.503599  	-174.218287 
-229.372455  	-191.654055 
272.467873  	-114.250857 
-282.995986  	65.629808 
60.516906  	291.154090 
-89.802589  	285.209563 
-258.062130  	151.508868 
299.484601  	12.327769 
-241.692418  	163.574983 
-140.924883  	-260.862372 
123.397722  	-262.811724 
54.946507  	-289.483819 
18.137135  	-290.620103 
-185.356594  	235.836666 
-288.716577  	-43.228906 
216.691476  	205.143375 
283.239946  	90.128425 
235.411670  	174.227856 
295.599020  	-40.487273 
222.905865  	-199.080324 
-283.182116  	-88.644735 
-35.902289  	291.317740 
3.798272  	290.290498 
-196.051672  	-223.382502 
175.952107  	-233.297784 
258.425444  	-151.106883 
-143.220371  	261.158812 
-237.899107  	-177.361255 
93.187615  	284.427615 
-239.354205  	169.241144 
7.042428  	-298.965557 
-257.129971  	150.170496 
-290.999646  	8.955796 
-243.129991  	173.875839 
-192.675422  	220.318365 
-289.152622  	-76.287360 
263.248116  	-129.013291 
286.356544  	-58.753127 
-174.820452  	-234.121356 
256.551427  	-148.443138 
-280.547883  	105.531443 
161.558006  	245.032673 
203.417206  	-212.394539 
94.935305  	-279.514379 
-9.516294  	-294.293119 
-170.707787  	239.208803 
-290.192849  	56.374730 
-283.308452  	-96.095374 
183.380969  	227.500374 
276.140783  	-109.819251 
-148.244066  	-253.232496 
-145.736527  	261.797373 
-36.630829  	296.317705 
114.079395  	-269.642155 
290.456681  	-63.638953 
-62.162852  	284.205524 
-255.150520  	-154.483696 
-77.540424  	-285.277904 
-233.611127  	-178.711614 
100.797599  	282.409001 
259.362957  	-139.899452 
-100.854311  	281.931566 
-52.800208  	-286.306022 
-294.439662  	-31.769249 
289.545603  	16.683639 
-293.192606  	-2.845312 
29.926636  	-291.567139 
-290.273955  	-19.365715 
-264.400857  	121.877754 
281.254947  	-76.024040 
33.389977  	-291.106698 
259.259418  	-136.929011 
-254.692073  	141.798971 
-144.774453  	-255.363188 
61.716662  	290.594311 
-106.350391  	-274.948349 
284.790335  	-60.427353 
290.725750  	-66.577309 
-291.904566  	-48.854115 
-234.824042  	172.115280 
-238.843757  	180.589755 
-157.637396  	245.312966 
290.110008  	-43.060227 
219.561570  	-204.097323 
246.429614  	170.497640 
-280.425349  	85.185817 
-219.805329  	-197.604700 
-218.010352  	-203.426858 
-12.432226  	292.963205 
146.306005  	-259.444701 
273.337564  	109.583649 
-293.343284  	-3.423134 
-70.633966  	-283.596267 
239.584652  	-168.214728 
-291.191960  	12.175478 
-23.376593  	293.743996 
-152.928232  	249.098286 
236.063864  	183.343536 
-238.646696  	165.558915 
-292.593189  	-21.218528 
141.671773  	263.865702 
33.987288  	290.972274 
-267.115633  	-122.201631 
-258.587363  	135.678207 
-204.561341  	-216.505561 
-293.440139  	55.766344 
41.376556  	289.656660 
79.014168  	-280.835826 
58.628689  	292.941422 
-234.395856  	-183.296434 
68.650460  	286.052643 
-284.574344  	-88.240821 
258.461790  	-139.177954 
-295.806025  	-20.923564 
-45.559203  	295.613530 
200.460696  	211.545525 
-285.974538  	56.767629 
-208.437961  	-211.439392 
-240.505970  	-178.257898 
-294.588991  	6.350311 
167.506932  	242.712644 
4.928952  	296.293276 
294.180513  	50.197864 
-17.834790  	297.978053 
0.570564  	291.814452 
121.583466  	273.969817 
-24.185663  	298.456117 
-204.246285  	206.723136 
-209.664422  	208.858398 
-168.444637  	238.238125 
127.532810  	-267.696437 
-78.159365  	288.276107 
42.192269  	-290.948127 
282.120009  	-81.236079 
-53.615970  	291.968025 
294.896835  	-18.996230 
-191.031668  	229.337965 
-259.455498  	144.096651 
254.843912  	153.377248 
-277.828882  	-105.238360 
-118.507478  	270.161022 
228.086150  	-179.381460 
285.614995  	-55.164071 
-144.861971  	261.107275 
-299.093855  	-16.058211 
121.406858  	272.921921 
-289.995567  	-13.437667 
-151.432095  	-254.839794 
-138.116986  	-263.849764 
-100.380606  	276.640080 
-292.660596  	-49.827458 
-268.712855  	118.018650 
-197.327619  	220.342485 
-278.145925  	99.110263 
-115.484633  	276.586875 
-277.867378  	-109.935074 
-284.246755  	-69.812479 
-288.192636  	-73.797049 
-281.628278  	74.602366 
59.236063  	-293.329318 
-292.647093  	-4.436082 
-90.910928  	280.687020 
-169.095911  	235.880421 
113.608103  	268.687921 
226.845964  	180.714993 
259.259978  	143.144207 
-259.350378  	-137.500478 
-111.929307  	277.711775 
193.277216  	-224.877562 
265.489120  	-128.707137 
-290.950836  	-1.615813 
-290.331142  	-59.100153 
-203.577719  	215.437026 
117.303687  	-270.081182 
-87.663021  	285.904170 
65.376752  	-287.624547 
-2.978791  	-293.315746 
-29.532464  	-294.743674 
-141.513292  	-260.697120 
80.725330  	282.604708 
-259.291881  	137.352541 
148.305783  	-251.976972 
-88.504644  	-283.294772 
218.827646  	197.996115 
262.319322  	-129.462634 
172.805426  	244.133744 
-290.699774  	-2.764303 
224.999773  	192.122623 
-291.462132  	58.350885 
229.403021  	180.330956 
-273.629539  	-107.730569 
-106.828998  	273.436583 
295.177978  	40.582769 
261.581998  	-133.224841 
-18.590902  	297.323693 
-59.804990  	291.417850 
133.750610  	258.413959 
-295.786821  	34.542097 
-170.279338  	-241.660810 
-139.398022  	259.584652 
-278.185592  	100.193694 
156.998069  	-254.384760 
-252.198619  	-156.514716 
181.578102  	-229.783361 
-293.972982  	11.657015 
117.817922  	269.783130 
234.650342  	179.956153 
-18.388784  	292.314647 
200.711977  	-221.408452 
219.781060  	199.116262 
-283.851801  	82.711276 
295.289548  	14.494232 
296.947630  	-6.091373 
-253.095962  	154.513541 
-236.851538  	180.635957 
-196.189102  	223.387189 
272.799075  	124.674234 
281.110265  	-94.233853 
-64.649880  	285.729580 
118.168087  	-268.045338 
-212.097328  	206.096394 
-133.409011  	-261.881721 
116.315306  	265.828421 
-47.463428  	288.350868 
-46.166120  	289.728648 
-228.965662  	-187.991291 
109.950268  	-270.344111 
-48.935285  	-292.363366 
-6.888449  	295.899559 
-242.115541  	-176.513639 
282.306027  	75.493756 
223.499219  	190.659642 
297.049256  	-40.678491 
-255.364193  	-142.176400 
-244.051579  	-157.765099 
-265.048286  	134.882934 
-237.267061  	180.702357 
204.345042  	208.665052 
184.536518  	-225.366975 
36.371280  	-288.576039 
15.496296  	297.558170 
69.700007  	283.932931 
-107.403306  	-276.587292 
103.504389  	275.858372 
-291.712360  	-31.763171 
50.193843  	-287.528395 
-106.645292  	-271.640906 
-236.151242  	180.162679 
7.140657  	-297.476068 
-189.105828  	225.966780 
170.644489  	236.343941 
160.339520  	249.738340 
198.812777  	211.909131 
-157.610579  	246.101413 
-5.724903  	-296.815137 
293.617662  	-30.011137 
-289.880692  	30.711305 
292.483637  	16.562678 
293.855831  	41.349130 
-177.128398  	-234.622102 
196.957793  	-219.758112 
-242.780976  	-163.362779 
-284.961659  	78.840679 
-163.055215  	249.933985 
205.363993  	216.036179 
288.925478  	-59.464846 
294.570064  	-13.133069 
249.971393  	158.155945 
-252.902870  	142.783536 
-47.052529  	286.930409 
129.720658  	-265.564589 
265.277348  	-137.167520 
-260.032235  	138.098649 
104.152181  	276.679098 
187.573577  	-232.953114 
-203.467185  	-219.802422 
-227.886406  	188.580980 
-32.068624  	-292.649284 
165.579333  	-238.326424 
-30.075056  	291.839838 
-153.216187  	248.281695 
51.755050  	-293.609289 
-44.063964  	-291.834486 
285.719634  	-89.567242 
166.088731  	241.986639 
-27.753957  	-298.502459 
-241.849663  	-164.054079 
-191.119688  	228.138696 
203.906547  	219.020821 
-197.351459  	219.555008 
56.508383  	-289.911715 
93.243386  	-279.595549 
-167.342816  	-243.397580 
-179.914365  	238.180228 
-246.907415  	153.823692 
-60.566999  	-289.293344 
-296.050707  	0.989282 
279.995792  	-100.981962 
-290.951985  	13.709211 
200.502208  	213.698068 
293.651043  	-11.183253 
-254.253367  	147.693011 
-252.861831  	-155.466699 
88.448819  	-277.133193 
267.767472  	122.112985 
39.260980  	-297.194508 
-127.299447  	-265.171361 
-129.939697  	264.888043 
120.140327  	-267.339301 
265.642679  	-124.835760 
-200.720860  	220.857729 
-235.527361  	-172.800064 
259.101118  	-138.703320 
113.271214  	-267.308122 
122.118674  	-272.224226 
-181.540836  	229.026036 
-169.477528  	-241.775449 
290.819491  	47.000249 
-108.236377  	270.508571 
285.676684  	71.378095 
-297.854103  	-32.418100 
-167.527397  	237.656414 
-97.529681  	278.115015 
-189.312086  	-221.580537 
18.823777  	-299.148233 
265.560549  	133.024791 
-222.455174  	-193.431371 
-120.778321  	-268.191344 
256.923587  	-152.942050 
-191.819362  	-219.670964 
264.869912  	128.206589 
-222.236943  	186.959196 
258.757095  	136.900568 
22.909198  	291.671337 
291.564510  	-9.956723 
-272.858002  	122.619374 
-54.553614  	285.558931 
-264.033698  	119.975857 
291.881943  	17.942450 
289.117461  	-79.825394 
-281.105784  	77.256314 
14.346126  	290.301892 
281.497704  	103.155430 
53.157573  	286.845381 
278.509098  	95.250629 
286.749365  	62.568377 
102.791230  	272.534334 
261.030419  	-128.297001 
276.667324  	102.103830 
179.891956  	229.675607 
207.574803  	213.116638 
291.742767  	-6.415424 
260.051816  	-140.139406 
-230.656201  	-181.966252 
-294.648776  	22.228338 
218.781829  	196.019161 
-151.026268  	-256.926188 
293.079553  	0.612875 
265.583465  	130.519818 
-61.146107  	-286.756262 
-183.834246  	224.830981 
-212.745187  	-197.518317 
298.455879  	-4.907960 
141.806885  	-262.140816 
-72.442011  	287.644147 
255.800806  	142.530514 
292.102727  	-4.582208 
225.973957  	-195.235168 
176.429152  	-231.414680 
113.690390  	-270.402469 
280.399499  	95.938110 
-277.885249  	97.671841 
258.982357  	-134.034096 
-118.620081  	267.907216 
209.175176  	208.594693 
-268.896353  	113.431704 
-46.547583  	292.826438 
278.990187  	-93.313856 
-262.550672  	-123.738210 
-217.929967  	197.993761 
293.654385  	-15.430565 
72.838937  	283.216329 
-15.755250  	-294.926723 
-121.176311  	269.850517 
-293.123681  	20.652061 
-290.618320  	-1.411403 
-134.149409  	-260.226701 
-132.166234  	-267.149933 
-220.993934  	195.570143 
294.349603  	-54.039904 
234.382636  	-177.228045 
45.103527  	-288.734605 
299.539956  	8.415142 
-178.554216  	231.305840 
-266.202932  	125.753724 
-247.986654  	-152.894144 
-184.887455  	-230.051362 
-207.286911  	214.779274 
221.088344  	-190.254945 
248.672603  	-165.644006 
-143.494139  	259.995062 
-193.076863  	-224.301861 
133.336414  	262.038930 
-119.797196  	-264.801118 
-259.377078  	-145.445975 
-221.944385  	-200.463687 
-197.457769  	-213.755536 
-3.702725  	299.768727 
-6.937761  	-289.949767 
-84.305695  	281.116612 
164.863942  	-242.043138 
-4.278630  	291.471600 
127.058954  	267.213440 
188.121738  	-232.899574 
-298.766847  	20.913423 
-291.966673  	22.593397 
-293.814335  	-56.277317 
226.403855  	-189.267785 
-291.035262  	-50.798388 
34.088830  	-295.857992 
-172.411701  	-240.439609 
-288.409711  	-68.079649 
267.962115  	117.534271 
266.311040  	135.216234 
-73.928618  	-284.493514 
-121.493202  	-268.220808 
189.563577  	-227.937821 
239.931447  	-163.263286 
-150.927784  	248.221280 
-220.222061  	199.281820 
159.126576  	254.145102 
-18.791547  	-297.800063 
-247.669170  	-158.404490 
194.352138  	221.215385 
97.283087  	279.912488 
234.721694  	179.751847 
-294.782144  	-11.852751 
279.398636  	-105.860295 
-236.588164  	-178.429372 
-38.044244  	-295.828727 
263.852121  	-128.008039 
128.278132  	-263.206613 
238.507727  	180.183418 
286.311721  	57.040324 
-121.602756  	274.129111 
-257.867847  	-151.103189 
243.335924  	-174.730157 
-193.960604  	-223.112716 
278.942604  	-89.894515 
267.240481  	135.946775 
-271.096631  	-103.993348 
284.514949  	-84.316332 
41.963156  	287.555375 
-260.987733  	127.056692 
270.746118  	-109.373395 
-240.738405  	-163.618521 
-167.781101  	244.933669 
-19.462488  	-291.510226 
-280.034981  	-102.890279 
112.175513  	-271.110041 
169.689782  	-241.595484 
143.476140  	255.003132 
-19.702819  	295.014913 
161.870560  	250.637032 
-75.101297  	285.711034 
-250.578355  	-161.007727 
297.504744  	-0.962824 
282.529805  	90.332216 
198.347202  	215.463193 
297.524399  	36.704661 
-48.775232  	-292.646505 
-192.301038  	-222.084017 
133.956824  	-267.006684 
280.972067  	-74.603602 
-274.777436  	103.084242 
138.847699  	255.443373 
261.896719  	128.600578 
255.143492  	140.345284 
160.835282  	-250.337796 
-55.070625  	285.312506 
-168.907664  	-243.136178 
200.830503  	212.037990 
-198.048108  	-221.742975 
-128.782091  	267.946213 
208.541898  	-212.153899 
58.795883  	293.669958 
283.826453  	-86.154190 
-3.344306  	294.901366 
-40.937136  	-295.946196 
-255.702003  	-148.779991 
-224.636155  	192.251393 
-98.482869  	-274.621784 
-289.359746  	-72.518533 
167.575998  	243.982141 
191.717018  	-219.266014 
-274.676830  	-110.610302 
-35.955305  	-288.754595 
216.423489  	-205.197158 
-278.659456  	108.082874 
218.038424  	-203.819150 
-276.811187  	104.175654 
234.083126  	-183.880641 
-190.877124  	-226.134746 
293.276681  	45.175085 
134.453606  	263.553084 
-190.909593  	221.967401 
275.024187  	-99.928457 
258.550339  	-136.574970 
-110.403353  	275.904149 
191.080641  	-221.998172 
-94.049125  	-276.616634 
253.520635  	150.450283 
-92.401621  	-281.307555 
265.269199  	-134.975005 
255.180352  	155.389794 
237.921843  	-178.382165 
296.168584  	-9.119743 
289.659612  	42.158148 
294.649748  	-40.367390 
59.965600  	-284.234282 
196.484526  	225.736198 
-16.989692  	294.032907 
-243.210350  	-161.684031 
-290.570089  	0.152295 
-252.097146  	-148.357774 
250.037349  	-149.627284 
-248.869883  	-164.884145 
-212.143705  	-199.062926 
279.167121  	97.338167 
-265.244538  	-117.372633 
-107.982033  	279.869399 
263.359827  	122.403437 
-266.240830  	-123.234818 
261.517647  	-132.550068 
231.551798  	-175.321890 
-226.663645  	-190.162015 
286.789349  	-74.818908 
29.554343  	-292.293587 
201.610581  	-217.074120 
221.580780  	-192.714706 
-278.319471  	102.602496 
288.089883  	74.994797 
-107.020210  	274.735645 
-283.783844  	71.921692 
-49.246097  	293.935064 
-187.339825  	230.114732 
-242.982049  	162.054694 
270.358335  	-118.192093 
121.599463  	264.729240 
150.230995  	254.441836 
221.098892  	202.712308 
272.088157  	124.209640 
299.581386  	3.740729 
281.240574  	-81.053930 
225.176452  	188.675821 
286.035306  	-51.379023 
-179.024319  	-233.784716 
-277.411188  	-85.152996 
126.198017  	-266.189896 
109.150856  	-273.804841 
-228.751397  	-185.760056 
72.509296  	289.514079 
-54.206310  	291.090494 
-132.449125  	-259.490326 
-89.392612  	279.238180 
-261.122216  	128.308956 
98.537721  	-281.881744 
119.261040  	-266.403461 
-117.387719  	269.477501 
221.567740  	-187.479963 
-221.687356  	197.100777 
-189.382213  	228.027142 
217.796294  	-205.133553 
-206.059678  	209.672147 
-226.163383  	190.360511 
294.145615  	19.114316 
138.381410  	264.578127 
-286.843178  	-81.073987 
55.185792  	289.757706 
-252.799258  	146.603325 
104.650674  	-271.798154 
291.705242  	60.141932 
250.964330  	-155.334816 
120.867535  	-268.590839 
277.000554  	112.020949 
-125.968490  	-267.267543 
273.468372  	100.215016 
-132.429038  	258.740314 
-275.018502  	117.263907 
265.239820  	127.553276 
-199.618993  	220.466001 
126.753543  	-264.744290 
179.021733  	-230.204733 
-197.441370  	223.028934 
-241.638038  	173.234115 
278.562359  	86.203318 
284.625015  	-88.862822 
69.058335  	289.323256 
294.623710  	-1.967085 
-285.550870  	-91.223356 
298.123493  	-6.275605 
-261.430124  	146.759293 
-270.927855  	-115.308704 
-112.899895  	-268.105602 
-34.736535  	288.011064 
229.759455  	178.436524 
295.148046  	34.707797 
-206.536435  	204.417957 
285.552904  	-69.946688 
266.383352  	128.988021 
185.254547  	-227.990686 
-16.694666  	-290.723732 
100.359464  	-274.021857 
-112.397162  	268.107959 
254.188410  	144.544983 
-254.387696  	140.327831 
184.000232  	-235.348496 
-17.855509  	296.835276 
-297.864511  	32.645565 
-218.083324  	203.159208 
-230.296367  	-185.869803 
159.079530  	243.862058 
-283.740084  	79.903472 
2.040646  	292.839266 
60.879489  	288.499026 
276.048846  	95.168454 
-287.395523  	47.474344 
49.735698  	-287.324486 
-276.991924  	98.084015 
280.822522  	104.664757 
36.174268  	291.119258 
286.131786  	57.162936 
-2.309522  	293.313256 
291.999882  	-50.230158 
266.508495  	-137.325242 
-158.427278  	248.834880 
19.127037  	292.534026 
75.081289  	-285.637533 
289.233307  	-24.901693 
-239.665111  	-166.807178 
233.079909  	-181.057328 
222.052907  	-198.195627 
274.302725  	97.134005 
-36.102312  	290.237184 
284.863168  	76.439357 
106.039407  	273.740103 
-200.097383  	213.672734 
-169.726272  	246.391949 
-294.915898  	35.827545 
179.735017  	-235.453443 
282.375096  	-81.989664 
-288.866282  	61.214956 
83.926538  	-279.407116 
272.210668  	-124.660950 
-291.621269  	59.245550 
-296.539365  	29.178849 
112.222093  	-275.507172 
-50.426036  	293.266457 
-160.100659  	251.735534 
-86.455871  	277.294757 
-285.976606  	-57.744096 
149.739062  	-258.079858 
-13.958672  	-299.314476 
50.634414  	290.806045 
-294.016158  	-32.039019 
273.055960  	-116.062236 
30.366525  	-292.528416 
286.626871  	-83.767757 
287.675524  	-75.364399 
215.834688  	203.092066 
-287.118540  	-80.267951 
275.153716  	-103.181552 
-81.621611  	-281.916499 
-288.538432  	-36.174205 
125.657449  	262.185441 
-121.411960  	-263.987000 
-81.681374  	285.942570 
-286.379307  	-46.603571 
-292.026675  	59.274116 
126.934306  	-266.898261 
-250.760893  	156.818286 
212.042229  	208.442062 
-283.421939  	-74.108061 
-8.215678  	292.980379 
-121.573584  	-272.258818 
-287.647223  	-76.850993 
13.697025  	293.704599 
7.283383  	291.333061 
-242.378708  	172.489309 
-280.824156  	-85.532410 
-49.779944  	290.361769 
183.424031  	-237.330202 
254.101998  	149.700283 
229.839833  	-180.237763 
68.380225  	292.017371 
-37.049274  	289.747047 
-217.333073  	199.890809 
-21.322290  	-290.467485 
182.414655  	-233.895048 
-104.597202  	-279.990045 
291.665444  	-4.389624 
-278.368668  	-105.905074 
297.191678  	-6.332963 
-91.894810  	-281.110910 
-157.628781  	-248.793423 
-273.717135  	107.503163 
-107.438822  	-273.327458 
-189.277867  	220.304083 
191.488458  	-226.848343 
267.974737  	-111.416067 
-249.622438  	-151.025290 
-73.809523  	282.276734 
-129.457481  	-261.034022 
-182.627077  	234.344513 
-265.752188  	116.875038 
-244.200071  	161.050692 
-291.461198  	-37.701059 
-236.836598  	178.839106 
194.239347  	-219.674933 
262.684296  	-142.210972 
180.418948  	227.532423 
288.227129  	-32.651523 
113.859753  	271.770043 
-226.246151  	193.890896 
-174.959756  	-237.922432 
205.678018  	206.704023 
-170.937611  	-235.648750 
-216.777801  	-193.995838 
172.269858  	-241.348495 
155.201095  	250.821889 
-251.721793  	148.597236 
47.109387  	294.741761 
-266.707326  	-134.004487 
-292.592486  	1.907200 
112.994688  	271.603020 
-281.343950  	-87.889599 
-294.661234  	28.084826 
-169.006404  	-246.531611 
-218.576612  	-200.983245 
79.309439  	-282.770247 
79.930441  	287.979382 
-166.750997  	-242.029141 
-70.801907  	290.862665 
-286.671346  	-71.502022 
-286.237751  	50.546511 
224.365773  	184.688927 
68.434124  	-284.358525 
-287.430828  	-57.458845 
-291.842834  	-28.822913 
299.054820  	10.257421 
274.151058  	120.483183 
296.865302  	-25.258511 
-63.271988  	-286.444856 
-237.817735  	-179.359206 
-255.764570  	140.539976 
-291.029995  	22.617300 
101.984130  	281.233421 
88.167540  	286.318852 
194.621852  	220.874025 
277.675958  	-92.439507 
267.815193  	111.561742 
101.768632  	272.545676 
247.067257  	168.513414 
-149.038412  	252.787563 
95.599497  	275.263031 
289.430265  	28.339401 
230.266882  	189.285929 
-120.348801  	-274.082407 
107.408016  	273.436497 
46.163913  	-293.313643 
-148.904643  	255.617697 
-201.441891  	-210.948250 
-166.044090  	-241.299316 
-107.342566  	-273.328691 
-169.127266  	-236.450773 
285.621767  	60.350692 
77.335273  	280.519617 
-295.215456  	16.426643 
-289.103631  	23.454009 
-28.284716  	-296.008403 
-7.371234  	-296.278020 
-121.759250  	267.240874 
193.009150  	-229.607204 
165.954451  	248.574175 
-124.436919  	262.551810 
-183.297592  	233.542272 
-174.758962  	233.632843 
116.887547  	268.425597 
275.455137  	-112.984368 
169.550391  	-235.566689 
154.120837  	-247.298944 
254.053671  	-158.920521 
-239.738937  	-166.472947 
-86.905209  	-277.033364 
278.175151  	-106.773523 
52.040334  	286.654502 
292.538891  	-65.153642 
-273.304743  	122.855677 
-286.114403  	51.122876 
82.672490  	280.376995 
-280.261700  	96.811052 
86.465619  	282.173168 
121.846857  	271.043066 
-20.916203  	-295.185556 
-258.628119  	-133.092059 
-284.470639  	72.231957 
269.832113  	-111.465827 
205.445866  	210.492271 
229.376671  	-184.090583 
-125.778896  	-265.048428 
169.837609  	238.556464 
291.524872  	32.128630 
98.357876  	279.742253 
267.589245  	-126.289334 
126.049353  	-266.506211 
-100.123190  	-280.824406 
249.513055  	-163.123375 
-6.046235  	295.427560 
-132.616336  	263.476579 
-288.319813  	-40.714686 
53.956677  	285.656572 
210.071709  	200.818020 
-269.988317  	108.204939 
243.624755  	-172.110368 
1.846988  	298.718243 
-264.643441  	-126.952153 
260.571017  	-131.877765 
-242.758468  	170.921989 
-283.269132  	-69.646239 
-182.648198  	237.176381 
-180.847152  	-232.727969 
209.283222  	200.914243 
-169.847318  	238.396495 
205.489142  	204.636782 
215.567756  	-195.211533 
-43.480952  	289.947248 
-144.607324  	-260.018695 
169.707593  	246.737376 
-223.137230  	198.931588 
-270.065994  	112.478261 
13.414550  	293.954163 
222.247289  	-192.523096 
-270.632564  	-122.094289 
110.565805  	-270.241008 
285.582612  	-52.445894 
-101.145175  	277.432250 
-270.267490  	-107.538289 
226.111805  	193.353178 
285.584442  	78.489021 
181.188008  	236.852076 
-60.537521  	289.995187 
-59.187905  	284.550157 
-293.777660  	21.649170 
-245.335591  	170.257006 
-141.269873  	255.438491 
-295.500165  	-29.759910 
177.438348  	236.961247 
-293.837635  	-55.185545 
283.721678  	68.359413 
286.922486  	78.105613 
-292.010274  	33.511187 
293.913480  	-50.959456 
-185.063533  	228.147954 
-66.354181  	-290.050207 
-135.262248  	-267.645520 
278.055644  	-106.325251 
-292.696321  	-9.266271 
131.983766  	264.747588 
-282.571245  	-95.354557 
-285.938030  	-56.351068 
-232.518908  	178.322622 
-191.774161  	-224.097459 
-96.055810  	278.650823 
290.946375  	42.133204 
-26.609547  	293.306891 
293.067110  	-9.832052 
-85.115537  	-282.163685 
248.149207  	161.956696 
280.646699  	-94.326193 
293.839861  	21.239961 
153.883630  	-248.233415 
206.670704  	204.880990 
-138.906992  	264.071671 
213.231619  	197.150392 
248.403916  	-155.931058 
292.178680  	-54.429943 
-193.948355  	217.497208 
24.204707  	297.990154 
291.723589  	-60.608149 
111.087664  	-276.690316 
194.811793  	217.589901 
-292.077422  	49.404249 
186.283094  	-232.429794 
229.365215  	-187.287475 
-24.740327  	-297.206858 
296.268295  	-23.897645 
161.722370  	-248.090457 
-165.077346  	240.751885 
27.076192  	294.033807 
277.484745  	99.645454 
224.278237  	185.405697 
-285.628185  	-78.648204 
-297.394520  	-0.706673 
-57.676094  	-285.628199 
238.001372  	-174.637759 
-287.330849  	-69.043344 
-244.523849  	173.735682 
264.120269  	-120.960670 
281.616676  	-90.868300 
-39.171858  	290.388646 
261.004201  	-142.551068 
243.184843  	170.528977 
-112.550821  	271.809332 
-195.063201  	216.241410 
27.985001  	-297.401815 
265.469133  	135.838652 
292.291881  	-40.822255 
-294.276752  	-11.278003 
