74.668958  	0.455861 
77.613366  	0.551420 
84.293547  	0.548266 
83.679023  	0.449074 
82.150374  	0.461666 
82.978817  	0.360147 
83.219053  	0.339689 
83.389051  	0.333485 
83.739994  	0.306850 
83.876902  	0.298185 
83.852175  	0.308185 
83.988982  	0.277434 
83.923841  	0.283646 
83.908090  	0.294057 
84.117609  	0.270393 
83.987523  	0.274392 
84.094645  	0.271462 
83.755923  	0.306482 
83.987145  	0.287470 
84.022864  	0.277908 
83.911063  	0.269051 
84.102679  	0.267296 
84.003531  	0.288358 
84.040281  	0.254646 
84.347635  	0.254869 
84.366908  	0.264746 
83.687393  	0.301850 
83.610125  	0.295081 
83.687660  	0.308305 
83.643526  	0.300939 
83.937743  	0.310658 
83.314536  	0.317087 
83.672654  	0.317615 
83.784143  	0.306495 
83.793297  	0.311641 
83.742710  	0.323351 
83.617946  	0.329415 
83.760482  	0.297673 
83.635008  	0.310645 
83.562481  	0.328394 
83.629292  	0.341013 
83.614806  	0.322122 
83.706629  	0.317070 
83.816473  	0.291804 
84.328452  	0.267294 
84.146862  	0.288374 
83.665005  	0.325339 
84.221714  	0.251982 
84.105151  	0.243062 
84.077750  	0.261212 
84.105990  	0.241187 
83.864977  	0.268802 
83.814602  	0.299422 
83.542198  	0.283284 
83.628356  	0.293325 
83.954481  	0.303614 
84.003188  	0.312437 
83.595778  	0.306621 
83.611528  	0.309516 
83.744915  	0.327104 
84.222380  	0.264938 
84.185704  	0.304415 
83.790961  	0.295684 
83.271990  	0.327075 
83.857851  	0.322416 
83.656008  	0.309629 
83.485635  	0.325862 
83.520912  	0.299606 
83.848020  	0.289850 
84.078225  	0.268899 
83.937045  	0.278972 
83.932455  	0.278302 
83.290592  	0.294168 
84.093552  	0.309838 
84.142358  	0.258552 
84.191389  	0.273614 
83.713552  	0.309291 
83.879614  	0.280506 
83.948590  	0.293979 
83.888027  	0.309429 
83.570015  	0.300803 
83.702734  	0.285322 
83.461560  	0.310146 
83.876589  	0.296390 
84.013722  	0.294842 
83.936826  	0.277492 
84.055102  	0.283870 
84.259163  	0.275173 
84.210378  	0.233772 
84.068301  	0.269259 
84.180384  	0.277382 
83.995986  	0.294752 
83.770479  	0.307154 
83.848411  	0.310638 
83.930430  	0.291938 
83.871283  	0.285052 
84.087112  	0.273684 
83.854019  	0.293537 
83.799965  	0.284050 
83.979004  	0.273866 
84.293343  	0.268657 
83.970646  	0.279073 
83.680579  	0.293945 
84.134164  	0.261299 
84.088692  	0.249851 
83.828903  	0.257751 
84.400815  	0.266691 
83.750453  	0.310738 
83.836145  	0.292376 
84.078093  	0.283892 
83.800012  	0.292728 
83.525126  	0.296058 
83.654380  	0.318602 
83.981064  	0.281359 
83.902070  	0.267498 
84.361774  	0.259814 
83.789985  	0.293823 
83.726490  	0.278444 
83.964124  	0.272768 
83.533154  	0.314223 
84.398497  	0.268825 
83.786010  	0.296245 
83.848797  	0.292173 
83.750793  	0.302199 
83.664767  	0.307210 
83.857639  	0.287614 
84.013014  	0.287822 
83.859800  	0.278907 
83.757682  	0.304494 
83.777932  	0.303492 
83.771396  	0.304480 
83.890302  	0.279946 
84.121874  	0.272193 
83.675588  	0.308577 
83.496849  	0.327012 
83.959764  	0.285375 
83.599083  	0.293414 
84.089364  	0.297124 
83.321315  	0.315410 
83.702411  	0.293085 
84.194928  	0.266645 
83.826373  	0.291712 
83.967009  	0.285610 
83.616262  	0.302470 
83.870869  	0.283596 
83.462982  	0.346927 
83.716016  	0.341293 
83.946964  	0.324516 
84.452550  	0.257032 
83.831034  	0.305427 
84.344365  	0.283158 
84.136679  	0.279943 
84.142677  	0.281955 
83.988138  	0.292896 
83.844987  	0.273196 
83.998869  	0.273407 
83.971774  	0.277302 
83.909626  	0.285198 
83.982060  	0.302749 
83.803845  	0.322550 
83.730730  	0.286109 
84.080325  	0.290186 
83.357761  	0.322351 
83.806789  	0.308685 
83.966879  	0.301644 
84.094593  	0.272923 
84.118033  	0.280130 
83.799772  	0.289773 
84.057496  	0.271301 
84.421562  	0.243796 
84.177559  	0.273442 
84.088713  	0.285007 
83.804700  	0.277431 
83.978434  	0.267805 
83.878363  	0.270409 
83.929697  	0.252988 
83.616251  	0.258826 
84.036781  	0.242238 
83.863350  	0.289026 
83.982164  	0.234856 
83.935300  	0.258849 
84.048199  	0.259227 
84.163962  	0.301177 
83.897783  	0.303446 
84.194004  	0.287672 
84.094138  	0.246506 
83.987321  	0.273564 
83.897007  	0.268997 
84.102006  	0.288969 
84.414739  	0.275217 
83.977380  	0.258583 
84.005853  	0.286123 
83.711911  	0.327012 
83.804889  	0.257781 
84.068904  	0.253979 
84.113763  	0.251542 
83.602389  	0.283661 
83.885999  	0.320232 
83.374576  	0.331187 
83.642139  	0.311745 
84.286822  	0.272214 
84.095287  	0.297793 
83.553756  	0.327383 
83.993668  	0.329980 
83.763503  	0.278166 
83.590078  	0.327150 
83.638486  	0.312906 
83.737905  	0.272203 
84.056777  	0.290119 
83.851130  	0.286843 
83.620635  	0.290261 
83.737957  	0.308399 
83.881391  	0.309172 
83.698702  	0.290935 
84.031463  	0.272593 
83.689229  	0.312474 
83.617054  	0.292785 
84.024676  	0.279282 
83.497728  	0.308650 
83.986237  	0.296846 
83.884959  	0.277523 
83.536755  	0.340050 
84.003852  	0.282826 
83.831462  	0.295074 
83.815274  	0.308159 
84.100518  	0.280034 
84.143224  	0.292878 
84.133620  	0.272128 
83.791435  	0.289924 
83.900569  	0.286244 
84.161053  	0.269947 
83.914287  	0.283792 
83.601930  	0.283401 
83.957338  	0.290505 
84.067012  	0.266182 
83.989225  	0.311019 
83.703112  	0.319444 
83.586163  	0.305815 
83.938931  	0.255079 
84.036093  	0.293291 
84.132634  	0.278579 
83.818153  	0.282479 
84.223016  	0.288346 
84.031120  	0.265308 
83.874705  	0.256689 
84.230762  	0.226941 
83.898596  	0.286753 
83.778322  	0.275943 
84.411154  	0.259941 
83.786941  	0.316647 
83.953606  	0.274391 
83.579202  	0.292068 
83.706475  	0.324113 
83.945217  	0.310144 
83.917917  	0.267149 
84.224956  	0.248807 
83.590504  	0.314434 
83.614732  	0.287881 
84.295672  	0.264207 
83.848505  	0.273237 
84.053944  	0.274407 
83.809029  	0.271384 
83.786342  	0.287249 
84.023768  	0.255331 
83.790707  	0.298755 
84.378322  	0.271427 
84.057506  	0.283367 
83.629561  	0.315391 
83.585747  	0.337866 
83.757246  	0.290869 
84.044036  	0.275250 
83.674594  	0.270890 
83.980386  	0.297478 
84.213651  	0.281026 
84.608634  	0.263244 
84.265273  	0.249507 
83.943145  	0.292129 
84.008670  	0.265326 
83.927422  	0.293488 
83.934058  	0.289411 
84.192808  	0.274887 
83.627968  	0.339929 
83.707188  	0.318138 
83.592944  	0.315685 
83.761563  	0.328745 
83.224119  	0.350912 
83.925103  	0.289700 
84.125959  	0.273497 
83.929732  	0.292470 
83.982358  	0.286935 
84.183599  	0.271045 
84.001119  	0.262099 
84.107961  	0.239485 
84.060266  	0.284984 
84.283453  	0.252310 
83.922338  	0.306431 
84.102704  	0.261049 
83.636999  	0.290754 
83.651136  	0.294489 
84.046686  	0.262273 
83.885908  	0.248523 
83.969693  	0.271607 
83.542041  	0.273882 
83.648549  	0.324487 
83.469247  	0.358801 
83.520213  	0.337179 
83.587985  	0.306535 
83.641227  	0.314144 
83.998042  	0.304294 
83.753201  	0.303934 
83.877813  	0.281529 
83.423408  	0.302567 
83.878183  	0.272278 
84.098367  	0.282483 
83.869691  	0.276950 
83.800008  	0.285386 
83.842463  	0.296871 
83.920436  	0.287314 
83.486361  	0.292230 
83.942139  	0.296191 
84.240306  	0.294109 
83.842523  	0.297540 
83.946718  	0.266772 
84.205428  	0.249934 
84.066979  	0.275077 
83.860888  	0.277886 
83.837430  	0.269917 
83.794391  	0.321634 
83.881475  	0.292018 
83.745203  	0.316123 
83.782999  	0.302470 
83.844612  	0.273803 
83.937133  	0.286190 
83.979635  	0.263024 
83.661369  	0.287124 
83.842033  	0.316087 
83.840381  	0.334296 
83.567517  	0.323316 
83.895039  	0.286297 
84.107268  	0.273517 
84.140353  	0.292903 
83.826644  	0.303874 
83.745182  	0.308500 
83.744520  	0.310217 
83.782220  	0.296593 
83.798476  	0.318448 
84.212168  	0.297006 
83.458545  	0.340412 
83.833996  	0.287922 
84.000830  	0.287744 
83.757236  	0.290723 
83.884467  	0.293965 
83.788386  	0.279393 
83.737490  	0.286180 
84.102569  	0.240706 
83.794420  	0.305045 
83.863224  	0.316964 
84.059819  	0.285442 
84.071539  	0.287771 
83.660779  	0.282892 
83.910160  	0.278690 
83.810792  	0.287942 
84.058504  	0.266510 
83.960325  	0.307843 
83.986660  	0.296955 
83.939254  	0.269726 
84.222057  	0.270938 
84.043081  	0.281975 
83.490927  	0.322219 
83.594213  	0.313657 
84.149731  	0.270869 
83.929255  	0.285170 
84.057433  	0.255974 
83.768339  	0.291984 
83.986533  	0.287070 
83.861516  	0.289058 
84.169988  	0.263068 
84.012563  	0.261641 
84.415760  	0.248095 
84.106475  	0.268996 
83.858183  	0.284828 
84.020377  	0.287229 
84.409153  	0.270737 
83.930775  	0.303827 
83.949225  	0.270901 
83.795637  	0.297678 
84.083659  	0.291794 
83.959739  	0.264101 
84.072760  	0.279597 
84.273695  	0.239774 
84.025996  	0.291399 
84.501330  	0.272370 
83.452284  	0.333926 
83.339457  	0.291758 
83.682476  	0.289731 
83.881247  	0.271757 
83.786961  	0.266456 
84.161287  	0.262982 
84.027177  	0.295080 
84.008154  	0.299606 
83.515583  	0.292786 
83.810692  	0.273216 
83.923421  	0.281418 
84.001636  	0.293616 
83.786816  	0.292325 
83.930052  	0.293207 
84.028965  	0.296777 
83.634497  	0.322903 
83.653929  	0.313570 
83.669346  	0.298939 
83.775380  	0.304235 
84.024435  	0.308603 
84.159318  	0.295977 
84.236494  	0.252406 
84.045691  	0.274722 
84.031769  	0.283321 
84.224292  	0.240483 
83.853463  	0.281020 
83.611136  	0.315565 
83.721448  	0.272710 
83.845306  	0.298028 
83.530606  	0.332275 
83.682737  	0.309725 
83.955167  	0.252582 
83.868214  	0.246601 
83.956683  	0.297088 
84.372160  	0.240157 
84.140499  	0.235571 
83.991702  	0.260380 
83.679859  	0.282500 
83.544647  	0.311738 
84.173039  	0.248849 
83.881852  	0.294827 
83.752574  	0.309509 
83.659982  	0.325735 
83.862664  	0.279422 
83.788573  	0.290230 
83.869657  	0.282779 
83.923746  	0.308589 
83.458825  	0.320359 
84.211069  	0.282202 
83.602768  	0.331007 
83.681166  	0.290375 
84.066280  	0.263225 
84.100378  	0.285674 
84.125209  	0.271606 
83.950613  	0.277339 
83.899610  	0.266381 
83.588024  	0.292421 
84.515718  	0.253165 
84.293581  	0.231115 
84.292505  	0.270022 
84.053701  	0.264054 
83.481977  	0.313341 
83.155799  	0.358042 
84.007043  	0.283372 
83.719723  	0.323071 
83.678182  	0.321240 
83.483679  	0.307259 
83.812489  	0.315269 
83.760203  	0.310593 
83.892095  	0.295354 
84.141494  	0.264319 
84.021807  	0.268188 
84.106157  	0.279953 
84.056317  	0.312208 
84.044204  	0.302637 
83.733781  	0.280789 
83.832221  	0.286518 
83.754813  	0.272834 
83.928763  	0.273116 
83.952116  	0.308416 
83.737135  	0.261631 
83.973248  	0.269568 
83.804471  	0.291711 
83.766037  	0.308758 
84.196168  	0.294415 
83.605679  	0.342828 
83.998383  	0.297764 
84.200123  	0.257120 
83.973123  	0.302203 
83.590794  	0.288220 
83.748668  	0.291051 
83.831950  	0.255396 
83.721994  	0.311245 
83.152093  	0.381585 
83.260078  	0.353323 
83.726931  	0.310019 
83.573860  	0.286080 
84.101608  	0.259366 
84.383449  	0.244769 
84.008776  	0.278789 
83.528257  	0.307882 
83.977010  	0.306588 
83.991059  	0.323218 
83.608503  	0.317299 
84.260016  	0.279301 
83.792003  	0.299952 
83.968336  	0.298400 
83.957265  	0.285680 
83.869149  	0.287403 
83.926038  	0.300606 
83.976054  	0.303409 
83.681696  	0.313126 
83.851280  	0.276409 
83.981622  	0.273138 
84.234714  	0.320493 
84.149402  	0.313336 
83.779153  	0.307743 
84.097726  	0.256708 
84.290364  	0.270507 
83.471554  	0.311434 
83.602951  	0.310743 
83.858868  	0.302565 
83.811644  	0.306236 
83.863624  	0.297552 
83.782708  	0.285926 
83.773125  	0.283478 
83.761673  	0.273349 
83.307452  	0.335447 
83.705169  	0.297006 
83.588497  	0.273522 
84.111580  	0.256738 
84.235098  	0.274002 
84.138364  	0.271843 
83.873204  	0.283158 
84.092930  	0.263240 
84.274832  	0.261946 
83.413632  	0.295151 
83.413829  	0.264063 
83.494261  	0.282596 
83.719105  	0.315129 
84.061592  	0.290861 
83.896095  	0.267217 
84.076462  	0.259694 
83.969555  	0.275820 
83.962986  	0.285671 
83.766691  	0.275892 
84.063464  	0.267951 
83.966204  	0.279691 
83.542822  	0.335776 
83.651528  	0.304471 
83.608982  	0.318054 
84.056593  	0.257385 
84.051493  	0.279610 
83.740245  	0.314707 
83.737272  	0.311949 
83.906215  	0.306410 
84.092729  	0.274699 
84.229717  	0.271857 
83.882192  	0.267361 
83.821246  	0.296010 
83.981209  	0.303439 
83.567540  	0.318189 
84.199549  	0.282297 
83.938950  	0.257169 
83.655725  	0.316092 
83.893948  	0.253598 
83.919927  	0.287632 
83.566429  	0.325569 
83.603133  	0.326856 
83.954881  	0.276744 
83.729353  	0.290984 
83.923790  	0.254060 
84.101350  	0.269009 
83.875088  	0.286262 
83.907055  	0.288538 
83.945532  	0.275269 
83.152816  	0.349479 
83.608141  	0.306374 
83.749842  	0.297349 
83.623114  	0.310258 
84.027169  	0.294419 
83.872447  	0.296398 
84.061933  	0.271886 
83.846921  	0.294150 
83.228264  	0.331078 
83.637069  	0.279901 
84.570341  	0.245332 
83.858745  	0.303048 
84.030790  	0.249473 
84.012768  	0.286846 
83.657186  	0.307631 
83.646595  	0.322951 
83.456856  	0.306772 
83.653589  	0.335249 
83.899419  	0.304849 
84.125863  	0.289344 
83.700921  	0.306103 
84.042216  	0.245809 
83.752278  	0.254844 
84.056849  	0.294785 
83.960385  	0.317311 
83.838145  	0.263423 
84.105732  	0.258597 
83.277418  	0.319280 
84.146063  	0.236009 
84.174329  	0.272553 
84.218605  	0.266880 
83.680250  	0.292034 
84.418760  	0.252618 
84.092510  	0.254776 
84.060970  	0.280388 
83.869439  	0.299057 
83.833683  	0.296838 
84.133712  	0.247807 
83.897188  	0.302307 
83.840187  	0.323989 
83.735107  	0.285510 
83.736077  	0.311341 
83.615799  	0.302020 
83.801745  	0.328503 
84.363236  	0.285494 
83.756018  	0.302207 
83.240182  	0.330565 
83.676491  	0.316695 
84.107359  	0.260077 
83.881512  	0.275891 
83.746819  	0.270512 
83.844754  	0.325414 
83.916772  	0.294789 
83.581031  	0.284740 
83.956786  	0.270998 
83.977814  	0.282452 
83.662127  	0.281624 
84.093803  	0.270445 
83.778023  	0.292079 
83.748288  	0.289596 
83.324203  	0.304372 
84.160961  	0.283830 
83.657857  	0.321849 
83.837343  	0.254166 
84.291199  	0.244989 
84.220501  	0.267926 
84.135663  	0.250748 
83.881992  	0.276073 
83.947820  	0.269410 
84.377727  	0.260949 
83.732245  	0.296430 
84.137002  	0.272900 
84.001715  	0.258148 
84.100120  	0.300381 
83.578722  	0.307668 
83.874027  	0.310803 
83.709471  	0.312185 
83.961709  	0.299406 
84.079348  	0.301040 
83.860005  	0.295199 
83.999163  	0.294866 
83.965741  	0.274468 
83.971273  	0.248952 
83.628911  	0.304866 
83.509819  	0.318339 
83.711787  	0.305325 
84.104482  	0.296974 
83.990021  	0.273192 
84.158839  	0.241640 
84.073200  	0.256888 
84.221513  	0.265473 
84.321536  	0.267621 
84.167814  	0.280954 
84.276816  	0.269603 
84.051653  	0.272334 
84.210154  	0.285269 
84.047619  	0.272716 
83.838469  	0.283469 
83.979903  	0.277972 
83.776426  	0.280357 
83.734986  	0.297779 
83.598898  	0.319350 
84.260556  	0.252706 
83.631695  	0.299507 
84.296614  	0.289334 
83.920087  	0.309859 
83.300944  	0.341683 
83.340550  	0.366712 
84.096273  	0.304337 
84.166615  	0.275318 
83.801326  	0.311409 
83.585420  	0.306600 
83.884676  	0.309646 
84.023605  	0.270788 
84.234371  	0.244070 
83.866649  	0.293985 
83.859231  	0.314089 
83.685942  	0.325420 
83.844532  	0.312406 
83.621888  	0.308997 
84.058271  	0.275165 
84.029217  	0.331637 
83.453913  	0.314521 
83.850320  	0.301587 
84.329440  	0.292181 
84.086809  	0.255178 
84.253382  	0.276399 
84.027892  	0.305162 
83.968773  	0.277586 
84.429042  	0.267888 
83.943635  	0.242771 
84.498654  	0.259599 
83.618027  	0.312381 
84.073779  	0.296234 
83.806892  	0.300149 
84.276763  	0.283891 
84.305727  	0.234942 
83.820325  	0.274416 
83.833242  	0.308638 
83.852527  	0.307763 
83.839021  	0.296607 
83.954418  	0.269520 
83.461356  	0.307877 
84.357726  	0.278259 
84.107167  	0.256665 
83.868816  	0.290479 
83.552404  	0.310274 
84.133785  	0.257198 
84.572774  	0.249279 
84.438442  	0.255390 
84.082727  	0.254363 
84.081783  	0.293447 
83.270667  	0.364290 
83.799402  	0.316319 
83.994628  	0.290665 
83.950178  	0.298061 
83.657365  	0.309628 
84.062997  	0.288995 
83.936550  	0.297443 
83.763029  	0.284485 
83.741397  	0.269492 
83.612365  	0.293227 
83.887630  	0.270512 
83.178081  	0.314907 
83.861755  	0.280357 
84.075458  	0.254826 
83.865474  	0.277817 
83.767368  	0.320841 
83.827903  	0.303214 
83.490077  	0.295128 
84.327349  	0.252745 
83.860226  	0.304998 
84.475021  	0.248059 
83.967715  	0.288132 
83.603636  	0.308417 
83.760891  	0.319300 
84.454358  	0.236583 
83.949428  	0.287462 
84.194447  	0.250526 
84.173077  	0.269832 
84.049811  	0.248284 
84.271242  	0.260791 
83.841055  	0.291031 
83.868817  	0.310338 
84.344390  	0.259147 
83.822711  	0.293311 
84.134460  	0.296868 
84.147811  	0.276973 
83.813573  	0.313817 
83.890873  	0.272665 
83.641237  	0.288299 
84.018802  	0.275931 
84.263690  	0.273367 
84.125158  	0.288426 
83.741484  	0.334979 
83.542229  	0.295440 
84.015471  	0.319246 
83.733800  	0.290894 
83.878945  	0.290537 
83.513115  	0.325332 
83.498828  	0.345460 
83.808760  	0.290469 
84.011226  	0.259952 
84.142549  	0.255002 
83.814343  	0.286213 
83.945542  	0.258047 
84.234719  	0.255353 
83.912017  	0.308510 
83.883780  	0.317642 
83.922938  	0.299047 
83.974875  	0.311704 
84.139012  	0.312000 
83.957414  	0.303202 
83.942055  	0.308709 
83.641856  	0.307044 
84.228046  	0.239183 
84.103649  	0.217364 
83.788850  	0.273556 
84.183274  	0.286971 
83.922060  	0.282783 
83.978303  	0.286065 
83.925580  	0.316825 
84.269384  	0.262580 
83.540097  	0.314415 
83.795352  	0.301173 
83.693849  	0.306524 
83.933308  	0.312156 
83.781375  	0.319946 
83.877592  	0.270483 
83.637571  	0.304869 
83.799868  	0.301490 
83.794611  	0.296961 
83.603131  	0.300010 
84.465042  	0.216788 
84.135597  	0.251101 
84.039254  	0.272827 
83.841019  	0.313533 
83.659443  	0.287966 
83.691860  	0.313176 
83.927434  	0.300502 
84.213844  	0.292367 
84.014748  	0.286776 
83.989766  	0.277082 
83.662724  	0.300460 
83.724004  	0.263099 
83.816165  	0.279997 
84.093919  	0.267165 
83.638960  	0.323685 
83.890453  	0.305003 
83.788263  	0.269688 
83.773147  	0.301008 
83.672012  	0.318849 
83.710100  	0.295790 
83.808415  	0.303272 
83.624403  	0.298558 
84.251937  	0.292640 
84.051521  	0.299081 
84.091660  	0.265722 
83.898565  	0.247443 
84.170060  	0.266544 
83.313816  	0.318139 
84.151646  	0.292418 
83.777295  	0.299370 
83.956839  	0.285107 
83.757211  	0.294156 
83.740848  	0.303792 
83.311203  	0.327116 
83.636009  	0.293500 
83.789031  	0.298340 
84.026400  	0.246629 
84.147057  	0.261680 
84.061280  	0.244305 
83.897378  	0.315445 
84.134868  	0.274778 
83.431597  	0.324100 
83.849534  	0.309192 
84.027516  	0.301509 
83.863576  	0.256871 
84.256804  	0.272407 
83.918194  	0.277418 
84.390879  	0.254495 
84.401687  	0.250685 
84.079951  	0.275096 
83.811236  	0.288181 
84.188128  	0.284694 
83.698078  	0.313435 
83.986950  	0.286584 
83.778017  	0.279281 
83.471744  	0.289965 
83.925451  	0.260298 
84.069370  	0.270358 
84.157147  	0.254882 
84.073656  	0.298924 
83.630941  	0.292454 
84.400081  	0.253440 
83.860681  	0.287459 
84.784626  	0.226814 
83.946505  	0.286460 
84.219341  	0.264055 
84.126553  	0.284500 
83.724291  	0.297220 
83.901648  	0.295242 
83.754889  	0.307522 
83.634504  	0.312902 
84.038913  	0.298006 
84.203349  	0.251706 
83.684033  	0.321997 
83.527158  	0.307165 
84.339527  	0.257784 
84.115384  	0.270163 
84.042721  	0.287501 
84.099903  	0.307812 
84.110095  	0.275651 
84.053110  	0.261904 
83.823667  	0.294826 
83.897776  	0.299702 
84.068433  	0.286915 
83.943335  	0.286900 
84.108561  	0.292545 
84.036304  	0.284460 
83.998942  	0.279870 
83.980438  	0.295122 
83.853638  	0.291608 
84.038341  	0.300076 
83.595205  	0.311321 
83.959229  	0.267673 
83.856491  	0.287763 
83.308364  	0.367113 
84.120566  	0.285248 
83.769532  	0.273558 
84.056883  	0.275485 
84.152357  	0.261924 
84.239588  	0.253444 
83.824675  	0.304046 
83.699008  	0.302279 
83.616300  	0.323878 
83.927086  	0.273400 
84.044925  	0.271796 
84.226765  	0.260240 
84.108357  	0.265567 
83.377078  	0.312117 
83.669450  	0.307249 
83.444244  	0.323990 
84.051337  	0.286354 
83.783062  	0.313944 
84.179547  	0.280905 
84.274831  	0.277303 
84.258168  	0.238792 
84.246819  	0.257765 
83.921229  	0.301370 
83.742544  	0.341598 
83.799766  	0.298623 
83.434540  	0.340810 
84.193212  	0.292291 
83.760513  	0.313887 
83.874414  	0.283050 
83.839287  	0.293863 
84.068751  	0.285228 
84.091341  	0.271146 
83.600689  	0.307258 
83.968595  	0.289110 
83.561456  	0.319629 
83.831456  	0.303980 
83.721497  	0.278878 
84.151240  	0.266044 
84.026414  	0.301728 
84.085557  	0.291096 
83.670527  	0.289782 
83.359201  	0.341738 
83.639934  	0.300501 
84.067274  	0.278299 
83.734839  	0.271405 
84.005233  	0.273539 
83.768242  	0.278800 
83.781417  	0.273690 
84.199801  	0.262553 
83.832996  	0.286729 
83.818592  	0.270603 
84.176548  	0.258031 
84.385035  	0.290372 
83.739120  	0.300891 
83.814123  	0.334400 
83.957796  	0.256581 
83.795186  	0.314477 
84.139168  	0.283111 
83.943704  	0.279051 
83.984904  	0.282269 
83.860012  	0.292268 
83.870512  	0.294342 
83.907501  	0.272984 
83.555060  	0.327244 
83.506583  	0.315315 
83.657579  	0.327905 
83.335505  	0.350328 
83.660954  	0.301600 
83.955977  	0.273994 
83.556516  	0.297174 
83.856506  	0.303745 
83.626527  	0.288030 
83.665012  	0.316452 
84.174097  	0.283704 
83.931570  	0.297914 
83.561193  	0.309586 
84.183359  	0.287946 
83.708247  	0.292892 
83.749191  	0.326940 
84.019803  	0.277968 
83.751371  	0.278266 
84.103456  	0.241872 
84.103863  	0.270509 
84.394520  	0.283304 
83.811840  	0.284023 
83.650661  	0.283737 
84.117875  	0.317838 
83.880143  	0.261122 
84.061716  	0.288170 
83.620339  	0.299483 
84.367641  	0.246351 
83.878179  	0.300143 
83.719827  	0.284581 
83.890713  	0.305631 
84.247094  	0.305232 
83.902156  	0.282008 
83.893094  	0.265411 
84.065798  	0.261645 
84.093683  	0.273819 
83.725984  	0.302500 
83.671533  	0.293382 
84.068117  	0.271071 
83.644603  	0.303788 
83.644453  	0.296340 
83.951371  	0.309208 
83.921941  	0.279321 
83.829101  	0.283908 
83.779610  	0.293772 
84.012562  	0.272367 
84.024223  	0.290384 
83.742162  	0.309253 
83.909148  	0.287677 
83.846289  	0.283477 
83.562895  	0.313078 
83.590634  	0.292378 
83.870531  	0.284344 
83.947671  	0.272644 
83.678761  	0.307041 
83.470326  	0.328592 
84.211943  	0.241682 
83.838367  	0.321920 
83.861431  	0.311765 
84.228483  	0.274856 
83.510764  	0.326808 
83.478524  	0.296794 
83.637223  	0.318880 
84.070097  	0.306787 
83.941827  	0.287438 
83.790821  	0.281365 
83.811345  	0.274578 
84.041970  	0.260272 
83.686946  	0.318987 
83.820628  	0.282002 
83.853988  	0.286863 
84.185603  	0.287679 
83.672301  	0.306004 
83.689470  	0.318240 
83.796189  	0.292365 
84.069959  	0.271627 
83.721392  	0.310803 
83.578417  	0.307554 
83.707999  	0.295794 
84.091879  	0.280622 
83.942239  	0.317624 
84.024294  	0.295265 
83.641550  	0.347774 
83.892063  	0.303106 
83.653971  	0.317650 
83.769584  	0.303630 
83.827442  	0.283574 
83.956546  	0.305455 
83.930877  	0.301331 
83.994152  	0.252421 
84.066299  	0.285106 
83.935294  	0.297572 
83.897614  	0.295856 
83.816856  	0.320203 
83.394602  	0.332495 
83.934065  	0.304188 
84.081144  	0.258972 
83.536787  	0.310754 
83.779223  	0.274547 
83.425847  	0.298238 
84.048679  	0.286339 
83.856765  	0.305064 
83.670138  	0.330172 
84.069506  	0.277291 
83.727184  	0.318438 
84.382156  	0.277317 
83.965057  	0.293660 
83.537888  	0.303291 
83.683673  	0.275499 
83.452872  	0.289285 
84.108437  	0.238219 
84.270902  	0.279586 
84.354749  	0.260683 
83.953922  	0.286302 
83.579638  	0.293904 
83.820074  	0.314745 
84.228703  	0.280898 
83.909165  	0.273972 
83.932861  	0.291725 
83.890434  	0.289013 
83.692734  	0.299003 
83.791465  	0.304095 
83.482989  	0.309264 
83.964375  	0.306700 
83.757448  	0.276796 
83.995312  	0.278744 
84.099856  	0.275438 
83.820229  	0.286317 
83.836360  	0.321270 
83.820001  	0.315187 
83.942870  	0.311193 
83.784842  	0.288335 
84.262952  	0.284947 
83.880916  	0.299857 
83.934254  	0.323393 
83.870530  	0.285389 
83.751953  	0.297444 
84.316349  	0.259404 
84.097309  	0.263800 
83.934720  	0.278143 
83.842991  	0.301084 
83.841708  	0.290199 
83.977757  	0.290618 
83.971218  	0.290458 
83.987158  	0.284894 
83.759453  	0.302084 
84.086123  	0.286504 
83.596851  	0.298663 
83.637039  	0.294827 
83.457243  	0.283474 
84.382280  	0.258890 
83.931225  	0.286265 
84.162713  	0.261126 
83.876676  	0.302868 
84.289746  	0.276454 
84.037815  	0.247317 
84.248236  	0.252017 
83.925921  	0.272567 
83.543495  	0.316856 
84.147023  	0.290488 
83.778243  	0.315385 
84.124518  	0.271997 
84.024382  	0.285504 
83.712117  	0.297345 
83.663955  	0.313516 
84.419003  	0.266922 
83.754653  	0.315982 
84.030350  	0.253100 
83.602272  	0.331210 
83.787029  	0.325291 
83.588862  	0.282373 
83.785312  	0.289054 
84.033538  	0.305047 
83.897666  	0.257175 
84.022758  	0.272330 
83.975436  	0.275870 
84.295917  	0.230825 
84.044579  	0.282009 
83.785432  	0.293615 
83.991442  	0.297819 
84.015888  	0.300121 
83.487712  	0.312583 
83.999872  	0.299112 
83.453892  	0.350528 
83.716977  	0.280693 
83.955410  	0.303118 
83.721313  	0.317475 
83.965180  	0.287240 
84.060962  	0.281608 
84.172862  	0.272132 
83.907219  	0.299896 
83.881651  	0.305162 
83.651975  	0.311173 
83.587664  	0.293516 
83.703688  	0.327478 
83.793261  	0.305186 
83.654106  	0.344148 
83.624003  	0.288598 
84.080278  	0.295492 
83.377556  	0.321005 
83.690358  	0.312813 
83.825905  	0.300687 
83.901471  	0.287687 
83.850541  	0.271589 
83.966674  	0.285823 
83.565725  	0.281985 
83.895103  	0.314971 
83.740759  	0.284136 
84.233594  	0.287037 
83.904975  	0.303733 
83.859775  	0.289240 
83.706689  	0.275014 
83.873043  	0.290926 
83.813882  	0.298408 
83.933271  	0.295890 
83.859443  	0.296072 
84.173231  	0.288761 
84.158989  	0.277702 
83.687183  	0.287808 
83.574932  	0.300639 
83.812555  	0.288282 
84.291347  	0.273288 
84.400652  	0.247846 
83.645465  	0.308910 
84.129110  	0.286121 
83.920923  	0.283170 
83.203377  	0.353297 
83.925674  	0.245893 
83.905899  	0.264930 
83.332951  	0.318637 
83.796139  	0.261007 
84.397340  	0.271198 
83.860768  	0.278076 
84.258283  	0.234981 
84.000005  	0.286734 
84.097548  	0.255050 
83.661571  	0.278258 
83.535483  	0.302323 
84.176012  	0.263998 
83.955552  	0.290451 
83.985104  	0.261934 
84.280192  	0.272459 
83.875517  	0.311793 
83.660306  	0.330272 
83.699317  	0.313914 
83.809361  	0.267611 
83.711721  	0.304712 
83.904153  	0.300094 
83.974864  	0.293161 
84.032765  	0.303984 
83.802512  	0.292591 
83.766171  	0.314895 
83.570932  	0.284067 
83.905606  	0.280999 
83.680405  	0.317363 
83.852879  	0.313107 
84.088705  	0.273604 
83.861789  	0.286061 
83.528790  	0.308268 
83.875811  	0.323243 
83.720033  	0.288317 
84.171461  	0.274170 
83.744228  	0.285479 
84.580467  	0.227316 
84.470242  	0.237387 
84.047992  	0.300538 
84.016602  	0.285277 
84.319104  	0.253835 
83.988690  	0.269716 
83.688539  	0.301343 
84.264267  	0.261683 
84.151415  	0.280814 
84.352226  	0.270147 
84.179766  	0.263919 
84.036744  	0.290578 
83.355213  	0.319451 
83.430718  	0.355459 
83.863710  	0.283070 
84.242340  	0.260147 
83.812773  	0.268281 
84.157876  	0.279475 
83.963086  	0.266053 
84.091095  	0.285773 
83.519534  	0.343647 
83.935463  	0.273887 
84.006650  	0.281169 
84.033775  	0.293979 
84.016263  	0.271923 
83.608862  	0.320043 
84.142795  	0.281175 
84.479371  	0.256607 
83.993594  	0.264092 
83.983859  	0.256546 
83.800665  	0.273218 
83.573546  	0.327957 
83.899093  	0.289836 
84.037350  	0.275721 
83.905297  	0.282309 
84.098730  	0.273911 
83.692373  	0.294332 
84.037690  	0.292419 
83.925393  	0.285894 
84.026572  	0.288462 
84.067714  	0.300597 
84.124904  	0.273827 
84.254442  	0.253916 
84.079385  	0.283327 
84.295947  	0.289969 
83.844520  	0.294412 
83.605796  	0.340347 
83.658689  	0.284772 
83.803238  	0.296069 
83.767988  	0.294102 
83.822287  	0.326220 
83.455095  	0.335069 
84.092240  	0.286262 
84.083504  	0.272417 
84.081467  	0.269473 
84.074475  	0.279208 
83.675170  	0.317046 
83.269055  	0.374185 
83.968662  	0.336427 
84.047188  	0.293888 
84.200270  	0.262376 
83.912206  	0.287373 
83.275212  	0.314480 
83.792634  	0.296626 
83.551561  	0.334488 
83.773702  	0.292374 
83.877537  	0.303004 
83.637826  	0.303254 
83.830988  	0.300786 
83.656564  	0.277026 
83.434115  	0.295361 
83.922992  	0.296400 
84.034356  	0.255539 
83.820996  	0.301440 
84.056187  	0.305942 
83.718007  	0.323446 
84.111875  	0.280640 
84.049142  	0.301023 
84.132471  	0.310473 
83.953637  	0.263125 
83.929984  	0.300461 
84.261660  	0.266259 
83.963796  	0.312513 
84.139737  	0.289483 
83.701961  	0.305682 
84.122545  	0.299844 
83.800427  	0.274191 
83.624928  	0.332510 
83.927144  	0.268761 
83.990450  	0.275892 
83.737323  	0.277751 
83.584725  	0.292622 
83.692500  	0.291359 
83.990463  	0.290257 
83.876114  	0.309052 
84.095616  	0.258245 
84.087226  	0.288010 
83.587770  	0.326103 
83.987432  	0.299100 
83.562580  	0.310363 
83.880501  	0.296331 
83.726092  	0.290638 
84.209092  	0.270182 
83.862420  	0.312539 
83.615395  	0.304884 
83.889575  	0.284620 
83.757851  	0.333201 
84.012546  	0.262947 
83.907141  	0.261107 
83.961626  	0.252538 
83.741300  	0.292551 
84.110421  	0.273126 
84.032799  	0.285945 
83.678312  	0.280059 
84.107725  	0.287658 
83.860044  	0.322682 
83.214259  	0.359645 
84.118205  	0.278080 
83.958795  	0.272768 
83.922462  	0.255714 
83.709575  	0.317915 
83.711564  	0.323583 
83.840205  	0.281202 
83.703289  	0.325601 
84.165952  	0.273352 
83.515609  	0.322324 
83.722593  	0.324006 
83.876952  	0.323401 
83.983461  	0.296104 
83.964261  	0.313642 
83.916171  	0.308453 
84.109108  	0.273243 
83.675992  	0.282461 
83.837621  	0.256584 
84.661109  	0.212154 
84.161024  	0.271051 
84.287609  	0.260758 
83.886355  	0.295443 
83.946306  	0.287197 
84.063239  	0.287214 
84.051202  	0.272888 
84.049442  	0.311841 
83.780326  	0.288094 
84.011088  	0.281363 
83.977742  	0.271120 
84.179511  	0.285160 
83.910226  	0.289473 
83.864628  	0.264520 
84.061940  	0.255135 
84.093345  	0.253972 
84.442805  	0.245251 
83.586636  	0.275696 
83.660525  	0.274171 
84.154010  	0.262597 
84.060428  	0.279965 
83.688308  	0.297043 
84.098856  	0.264911 
83.877202  	0.266364 
83.986916  	0.300089 
84.207545  	0.288720 
83.971116  	0.280919 
83.843801  	0.307820 
84.046496  	0.294460 
84.167654  	0.264794 
84.633574  	0.193591 
83.861879  	0.286897 
83.924639  	0.306821 
83.807895  	0.300047 
83.968675  	0.295501 
84.211340  	0.308547 
83.322973  	0.349063 
83.446558  	0.313615 
83.886413  	0.282905 
84.067810  	0.295222 
83.958558  	0.318694 
83.937527  	0.268689 
83.850917  	0.289512 
84.012228  	0.285257 
83.662338  	0.294861 
84.112056  	0.270347 
84.259516  	0.259076 
83.857910  	0.267338 
84.341812  	0.285835 
83.954587  	0.291550 
83.928987  	0.270917 
83.883053  	0.296091 
83.730456  	0.318083 
83.941092  	0.281636 
83.602101  	0.317572 
84.078240  	0.267030 
83.903456  	0.299886 
83.833957  	0.285748 
83.973862  	0.310280 
83.922505  	0.298197 
84.214801  	0.256771 
84.033315  	0.274427 
83.878482  	0.268794 
84.220605  	0.267487 
84.047576  	0.274689 
84.228076  	0.263286 
84.288600  	0.298818 
83.737861  	0.305581 
84.222582  	0.289139 
83.644731  	0.295500 
83.868458  	0.273452 
84.055915  	0.263125 
83.610168  	0.329172 
83.750794  	0.298371 
83.698261  	0.309104 
83.703218  	0.296390 
83.707520  	0.284263 
83.650929  	0.309019 
84.304914  	0.228740 
84.110873  	0.249872 
83.753621  	0.292367 
83.735426  	0.285443 
83.687878  	0.278281 
83.750026  	0.299932 
83.520473  	0.294801 
83.970222  	0.274504 
83.969859  	0.282975 
83.965893  	0.268583 
84.218957  	0.275131 
83.675166  	0.314501 
83.693134  	0.297970 
83.605096  	0.308646 
83.696290  	0.294516 
83.885753  	0.270397 
83.807930  	0.277178 
83.965132  	0.302028 
83.460901  	0.313377 
83.827702  	0.293065 
83.426534  	0.306416 
84.003469  	0.294041 
83.316620  	0.343471 
83.748748  	0.316801 
83.775544  	0.289289 
83.940424  	0.290855 
83.689854  	0.300097 
83.714670  	0.312090 
83.627953  	0.310480 
84.047628  	0.295208 
84.128733  	0.279505 
83.863175  	0.296721 
84.262525  	0.255694 
84.004679  	0.274587 
83.973852  	0.271382 
83.676486  	0.311603 
83.700703  	0.300114 
83.473629  	0.326536 
83.268520  	0.325820 
83.792666  	0.313326 
84.205368  	0.275109 
83.733601  	0.286602 
83.807755  	0.294985 
83.839003  	0.311940 
83.990894  	0.298989 
83.952850  	0.306016 
83.843020  	0.286427 
83.765197  	0.274502 
83.927503  	0.276016 
83.746423  	0.309020 
83.629014  	0.313784 
83.975045  	0.288179 
84.138285  	0.264033 
83.754609  	0.289852 
84.187245  	0.278921 
83.860640  	0.282234 
84.241210  	0.255678 
83.920861  	0.307800 
83.803536  	0.279919 
84.123226  	0.283464 
83.314002  	0.312433 
84.126771  	0.260112 
83.723061  	0.303197 
83.824691  	0.301850 
83.732515  	0.293778 
83.979872  	0.306948 
83.777861  	0.294876 
83.451442  	0.346794 
84.161264  	0.272187 
83.522447  	0.308352 
83.678586  	0.291950 
83.895495  	0.287105 
83.419778  	0.309554 
84.261571  	0.256173 
84.050556  	0.266310 
84.300240  	0.254854 
84.432928  	0.278851 
83.903961  	0.291221 
83.572229  	0.329830 
83.810955  	0.319122 
83.892912  	0.298325 
84.111717  	0.295816 
83.713070  	0.300313 
83.736725  	0.303121 
84.576285  	0.250583 
84.223793  	0.258853 
84.140131  	0.261808 
84.142882  	0.304353 
83.997470  	0.267656 
83.825365  	0.297276 
83.928973  	0.255248 
83.713800  	0.271419 
84.248464  	0.274252 
83.567652  	0.308781 
83.616644  	0.330050 
83.869958  	0.308271 
83.768604  	0.314446 
83.990853  	0.303967 
83.651480  	0.319331 
84.168244  	0.267209 
83.804417  	0.305646 
83.711164  	0.290875 
84.016303  	0.308082 
83.572444  	0.340774 
83.725272  	0.295739 
83.589931  	0.324371 
83.768976  	0.289072 
83.637059  	0.292958 
83.881316  	0.320017 
83.800889  	0.316282 
84.094757  	0.291559 
84.409544  	0.246450 
84.338485  	0.266987 
83.769333  	0.328002 
83.432807  	0.306792 
83.987291  	0.274357 
83.774528  	0.288399 
83.904572  	0.284377 
83.840787  	0.303324 
83.448561  	0.331230 
84.218947  	0.277114 
83.923879  	0.287009 
83.943664  	0.274880 
83.890411  	0.289425 
83.648761  	0.301113 
83.622037  	0.293744 
83.660692  	0.267077 
83.541610  	0.332201 
83.878059  	0.292712 
84.236048  	0.263456 
84.077000  	0.254406 
83.765898  	0.284072 
83.660750  	0.310191 
83.825893  	0.280157 
83.803786  	0.288832 
84.325990  	0.236944 
84.140715  	0.276170 
84.306500  	0.262660 
83.619581  	0.326723 
83.842896  	0.276704 
84.305906  	0.265650 
83.868766  	0.277941 
83.973565  	0.273497 
84.070551  	0.256525 
84.091128  	0.260178 
83.621503  	0.281729 
84.016769  	0.267888 
84.150537  	0.288342 
83.837638  	0.276822 
84.021404  	0.280638 
83.957677  	0.290349 
83.934245  	0.273464 
84.090920  	0.254701 
83.819740  	0.285265 
83.795394  	0.291992 
84.261559  	0.236540 
83.929705  	0.282275 
84.378220  	0.256584 
83.661505  	0.291841 
84.041245  	0.280828 
84.305687  	0.241527 
83.921563  	0.315753 
83.684287  	0.295164 
83.761896  	0.307800 
83.784444  	0.322311 
83.622850  	0.312712 
83.716179  	0.326999 
83.636003  	0.323957 
83.985178  	0.293714 
83.843113  	0.272012 
84.306725  	0.264142 
84.015550  	0.280175 
84.107275  	0.273375 
83.751142  	0.298513 
83.717814  	0.286333 
83.407879  	0.332384 
83.987112  	0.259981 
83.980215  	0.272493 
83.485303  	0.322911 
83.754567  	0.321553 
84.046584  	0.246070 
84.382887  	0.246984 
84.149628  	0.253330 
84.265228  	0.237547 
83.891931  	0.285781 
83.895996  	0.304311 
84.244111  	0.251073 
83.995311  	0.275338 
83.707717  	0.293883 
83.841620  	0.298447 
83.893740  	0.299375 
83.843555  	0.286049 
83.740818  	0.325048 
83.999984  	0.255408 
83.627481  	0.324192 
84.012677  	0.274675 
83.877614  	0.278126 
83.918056  	0.248489 
83.585336  	0.303738 
83.855023  	0.300108 
83.724322  	0.301026 
83.680241  	0.301384 
83.867787  	0.294107 
84.011187  	0.256244 
83.847940  	0.265108 
83.760681  	0.294959 
83.819484  	0.288312 
84.030195  	0.248026 
83.755572  	0.336838 
83.700276  	0.297691 
83.671471  	0.330905 
83.602321  	0.300915 
83.834637  	0.278055 
84.454093  	0.264491 
84.160244  	0.265131 
83.850529  	0.315952 
83.828229  	0.285677 
83.980515  	0.250409 
83.747104  	0.333106 
83.951112  	0.307457 
83.951463  	0.293554 
83.979645  	0.292831 
83.707842  	0.292536 
83.907897  	0.272006 
84.232309  	0.248844 
84.016330  	0.231221 
84.212754  	0.246033 
84.169121  	0.262976 
83.683289  	0.312138 
84.301251  	0.266974 
84.001342  	0.278461 
84.151728  	0.263049 
83.933920  	0.281515 
83.703494  	0.306331 
83.611987  	0.294361 
84.011046  	0.285794 
83.766559  	0.299025 
83.838876  	0.277955 
84.485682  	0.253864 
84.340418  	0.265420 
84.350291  	0.260309 
83.641819  	0.314358 
83.840238  	0.317225 
83.735449  	0.311016 
83.831053  	0.301414 
84.142033  	0.229102 
84.106565  	0.276267 
83.473039  	0.302724 
83.501355  	0.315404 
83.968413  	0.301528 
83.830941  	0.256447 
83.756556  	0.323781 
83.418595  	0.312880 
83.764929  	0.289004 
83.907493  	0.305684 
83.761059  	0.301152 
83.806548  	0.286662 
83.954257  	0.284059 
84.227984  	0.260343 
84.005938  	0.294442 
83.767279  	0.303661 
84.283712  	0.248965 
83.760008  	0.297559 
84.350238  	0.241788 
83.829180  	0.268455 
84.054394  	0.259396 
83.451436  	0.302985 
83.751335  	0.294403 
84.216345  	0.253345 
84.129335  	0.259526 
84.026120  	0.255643 
83.712537  	0.320454 
84.087249  	0.292611 
83.914949  	0.302912 
84.211859  	0.257143 
84.374344  	0.235104 
83.947679  	0.289561 
84.238636  	0.244244 
83.903044  	0.276214 
83.407755  	0.335687 
84.216936  	0.258813 
84.041554  	0.289545 
83.329685  	0.339732 
83.975615  	0.284329 
84.145785  	0.249200 
83.676099  	0.310380 
84.145051  	0.269081 
83.945338  	0.306385 
84.204043  	0.272171 
83.815593  	0.290570 
83.666246  	0.308376 
83.779163  	0.308908 
83.487899  	0.322970 
83.522809  	0.318316 
83.867647  	0.309774 
84.202999  	0.254921 
83.485835  	0.322219 
83.723575  	0.328559 
83.427961  	0.342603 
83.910718  	0.273353 
84.095861  	0.278131 
84.077256  	0.250891 
84.029435  	0.271098 
84.015963  	0.244889 
84.178715  	0.252521 
84.002075  	0.299226 
83.926759  	0.279403 
83.581459  	0.330002 
84.256846  	0.280973 
83.488338  	0.318389 
83.674188  	0.298754 
83.034430  	0.330287 
83.842079  	0.302928 
83.432102  	0.332363 
83.789722  	0.300997 
83.394388  	0.356038 
84.013285  	0.273020 
83.731500  	0.301001 
83.713766  	0.288375 
84.145571  	0.268655 
84.189575  	0.253896 
83.918694  	0.305355 
84.350662  	0.270295 
83.625263  	0.290737 
83.847075  	0.275385 
83.922059  	0.293847 
84.494724  	0.251545 
83.750234  	0.283617 
83.865823  	0.297075 
84.096752  	0.300982 
83.897612  	0.284280 
83.555283  	0.324390 
84.214625  	0.251749 
83.896669  	0.263995 
83.756146  	0.311566 
83.647224  	0.318269 
83.532018  	0.335668 
83.829362  	0.295347 
84.139714  	0.287060 
84.216617  	0.262485 
83.652796  	0.299311 
83.895748  	0.283812 
84.049206  	0.272766 
83.998475  	0.288602 
84.358494  	0.265167 
83.553910  	0.315200 
84.236672  	0.257488 
84.415452  	0.257454 
84.068228  	0.256496 
84.129750  	0.288787 
83.996841  	0.286874 
84.158213  	0.277314 
83.554736  	0.325218 
83.920459  	0.278465 
84.037909  	0.278634 
83.493657  	0.317992 
83.613986  	0.302980 
83.776726  	0.291128 
84.214773  	0.270905 
84.074759  	0.235792 
83.683124  	0.315467 
83.644283  	0.327111 
83.917264  	0.303935 
84.270187  	0.292164 
84.254407  	0.277847 
83.595887  	0.304575 
83.429917  	0.342006 
83.444140  	0.318124 
84.145726  	0.275406 
83.853170  	0.280461 
83.806502  	0.272898 
83.837482  	0.297756 
83.942399  	0.298662 
84.350733  	0.246697 
83.761094  	0.288808 
83.652677  	0.305578 
83.726872  	0.319351 
83.662045  	0.290248 
84.242038  	0.320782 
83.678201  	0.290502 
83.836891  	0.290395 
84.017040  	0.294585 
83.708426  	0.315969 
83.835725  	0.279276 
83.944513  	0.284910 
83.962612  	0.312697 
83.992487  	0.296094 
84.307626  	0.265855 
83.967003  	0.248747 
84.170181  	0.268972 
84.297948  	0.248336 
83.920016  	0.282387 
83.750117  	0.288458 
83.820232  	0.306187 
83.993922  	0.293677 
84.126656  	0.278001 
83.779880  	0.311581 
83.785637  	0.302694 
83.391081  	0.338250 
83.631414  	0.340057 
83.791457  	0.302373 
84.027770  	0.262835 
83.699954  	0.289454 
83.816990  	0.284365 
83.444061  	0.334091 
83.801027  	0.293074 
84.000583  	0.309568 
83.976283  	0.268070 
84.016794  	0.270642 
83.792801  	0.292686 
83.834967  	0.295643 
84.281159  	0.298299 
84.107051  	0.282739 
83.779602  	0.273117 
83.775486  	0.303529 
83.929834  	0.292080 
83.846374  	0.289344 
83.940512  	0.275690 
84.152116  	0.280630 
84.376538  	0.250180 
83.767395  	0.286273 
83.756239  	0.283633 
83.509472  	0.325393 
83.924392  	0.288020 
83.950764  	0.267230 
83.988570  	0.290030 
83.800541  	0.307754 
83.904132  	0.257036 
83.786368  	0.318678 
83.804608  	0.321905 
83.809880  	0.333293 
84.234875  	0.273248 
83.947374  	0.305685 
83.731854  	0.300694 
83.640434  	0.276918 
84.061153  	0.257728 
84.409882  	0.229625 
83.965509  	0.261379 
84.215787  	0.251698 
83.846026  	0.278939 
83.844554  	0.299814 
83.814171  	0.291248 
83.528057  	0.301230 
83.447286  	0.311032 
84.165829  	0.275774 
83.849986  	0.306911 
83.988650  	0.265272 
83.955829  	0.285344 
83.912871  	0.260998 
84.225680  	0.256806 
84.029080  	0.283612 
83.771143  	0.293382 
83.540232  	0.320703 
83.614676  	0.300684 
83.860541  	0.285298 
84.270916  	0.263727 
83.821158  	0.274947 
83.855336  	0.307180 
83.828989  	0.288712 
83.563025  	0.344366 
83.796036  	0.292182 
83.643789  	0.306247 
83.750736  	0.283575 
84.152528  	0.274734 
83.435716  	0.310941 
83.749505  	0.286029 
84.110815  	0.262605 
84.272862  	0.270862 
83.933470  	0.316065 
83.663282  	0.323387 
83.640399  	0.309737 
84.001021  	0.300149 
84.018138  	0.271925 
83.913162  	0.314027 
83.720030  	0.315877 
84.088384  	0.292099 
83.988127  	0.296130 
84.495632  	0.253321 
83.931589  	0.293721 
83.625692  	0.291894 
83.854591  	0.293511 
84.056842  	0.250032 
83.624090  	0.282006 
84.036197  	0.272631 
84.137332  	0.262678 
83.562800  	0.293662 
83.771441  	0.302424 
84.078173  	0.256665 
83.915534  	0.311045 
83.874678  	0.272862 
84.304214  	0.260371 
84.089444  	0.266978 
83.574284  	0.299700 
84.076619  	0.271160 
84.014266  	0.284573 
83.932568  	0.252951 
84.185018  	0.301000 
83.848583  	0.290965 
84.035187  	0.307725 
84.295791  	0.261739 
84.095944  	0.305459 
83.819109  	0.285641 
84.284691  	0.287859 
83.876740  	0.283101 
84.059817  	0.229954 
83.860898  	0.261630 
83.678268  	0.306602 
83.769290  	0.334449 
83.474731  	0.308500 
83.728850  	0.283913 
83.641228  	0.292509 
84.094281  	0.305138 
83.520321  	0.333332 
83.938620  	0.279002 
84.547928  	0.216266 
83.616102  	0.276610 
83.833193  	0.283202 
84.137718  	0.279394 
84.134069  	0.284035 
83.819176  	0.306629 
83.906372  	0.275762 
83.861346  	0.284591 
83.897621  	0.299462 
83.538257  	0.344286 
83.920011  	0.280442 
84.000405  	0.283047 
83.844263  	0.285712 
83.314044  	0.319188 
83.788066  	0.304057 
83.767252  	0.262268 
84.091057  	0.281745 
84.007146  	0.265277 
84.116957  	0.300735 
83.926316  	0.300918 
84.017244  	0.236290 
84.046687  	0.279598 
83.539552  	0.358681 
83.581795  	0.313732 
83.742017  	0.330906 
83.778604  	0.289614 
83.686501  	0.326744 
83.966326  	0.306094 
83.950812  	0.294649 
83.980188  	0.289026 
84.404095  	0.261499 
84.017686  	0.293996 
83.702769  	0.303077 
84.072644  	0.273038 
83.968026  	0.269840 
83.886469  	0.283575 
83.672478  	0.295960 
83.822427  	0.295308 
83.853280  	0.303683 
83.719062  	0.307985 
83.959611  	0.292752 
83.663163  	0.299864 
83.732559  	0.315045 
83.459350  	0.302321 
83.953290  	0.288008 
84.395033  	0.274326 
83.773029  	0.307183 
84.025544  	0.284642 
83.874923  	0.288748 
83.719425  	0.301372 
83.818705  	0.343092 
83.674992  	0.323136 
83.764926  	0.286266 
83.546293  	0.285985 
84.101319  	0.276034 
83.549170  	0.324060 
83.509595  	0.300522 
83.950841  	0.280318 
83.776879  	0.288857 
83.893708  	0.285978 
83.681858  	0.297885 
83.761762  	0.263145 
83.897763  	0.265868 
83.969757  	0.292174 
83.884357  	0.279815 
84.117333  	0.304999 
83.874906  	0.278760 
83.791353  	0.313059 
83.920260  	0.297766 
83.706332  	0.293856 
84.213553  	0.273107 
84.051165  	0.251114 
84.065450  	0.261297 
83.775841  	0.303728 
84.273895  	0.250682 
84.143000  	0.272538 
83.740298  	0.283760 
83.904609  	0.251228 
83.960375  	0.294561 
84.128863  	0.278748 
83.530345  	0.260047 
83.788389  	0.270550 
84.215119  	0.254884 
83.742587  	0.283874 
83.673740  	0.335221 
84.242489  	0.266346 
83.931070  	0.261692 
83.654994  	0.311185 
83.890011  	0.294366 
83.682428  	0.302400 
83.767472  	0.294002 
83.818392  	0.263159 
84.289974  	0.272338 
83.544816  	0.300884 
83.550048  	0.287142 
84.069926  	0.243671 
83.868925  	0.282817 
83.976378  	0.278234 
84.382968  	0.250033 
83.832302  	0.307680 
83.977174  	0.270024 
83.917132  	0.300817 
83.827745  	0.293133 
84.223993  	0.276442 
83.765079  	0.297794 
83.853339  	0.309594 
84.257514  	0.259134 
84.035589  	0.260934 
83.612500  	0.315881 
83.860997  	0.287430 
83.860226  	0.284155 
83.969273  	0.303706 
84.036379  	0.275882 
84.046764  	0.300731 
84.016510  	0.265218 
84.108655  	0.267297 
83.646712  	0.316336 
83.967787  	0.279488 
83.807362  	0.279683 
83.234008  	0.330482 
83.502894  	0.307399 
83.970582  	0.279716 
83.532590  	0.326617 
83.635593  	0.285692 
84.086203  	0.231393 
83.843055  	0.302300 
84.210619  	0.294531 
83.803720  	0.284895 
84.002669  	0.276686 
83.794445  	0.277793 
84.329835  	0.248690 
83.515964  	0.315780 
83.919758  	0.300083 
84.069132  	0.257796 
83.836930  	0.307769 
84.274170  	0.270461 
83.665338  	0.294465 
84.161827  	0.276695 
84.061926  	0.246986 
83.853499  	0.327708 
83.728219  	0.274586 
84.110568  	0.251468 
83.593374  	0.290751 
84.146220  	0.253852 
84.252952  	0.252743 
83.931212  	0.313046 
83.645552  	0.325561 
83.717291  	0.306320 
83.755888  	0.336486 
84.003201  	0.308882 
83.811680  	0.279184 
83.934105  	0.263396 
83.853580  	0.283529 
83.874832  	0.265557 
83.601375  	0.324369 
83.819387  	0.301986 
83.730812  	0.311183 
83.833930  	0.303795 
84.424707  	0.259312 
83.761306  	0.280082 
83.679882  	0.311856 
83.872811  	0.288488 
83.665098  	0.308660 
83.765369  	0.313603 
84.054030  	0.279620 
84.027419  	0.253430 
83.679302  	0.317459 
84.518345  	0.240413 
84.070410  	0.277712 
83.766894  	0.283232 
83.453376  	0.308076 
83.533164  	0.301326 
83.734977  	0.288317 
84.185249  	0.266850 
83.880436  	0.266531 
84.040039  	0.277047 
83.605944  	0.324440 
83.714637  	0.294858 
84.122125  	0.280063 
83.936367  	0.295691 
83.943541  	0.299410 
84.157418  	0.274669 
83.927638  	0.293580 
83.964246  	0.278441 
83.613664  	0.298337 
84.219783  	0.275069 
84.301605  	0.236057 
84.166662  	0.260607 
83.770362  	0.281064 
83.738001  	0.274510 
83.851768  	0.312508 
83.914730  	0.288223 
84.056692  	0.298165 
83.877473  	0.288432 
84.175325  	0.235353 
84.083958  	0.223863 
83.771651  	0.288570 
84.029518  	0.282710 
83.943339  	0.278029 
83.453247  	0.311178 
83.818453  	0.304737 
84.015830  	0.278264 
83.841171  	0.281281 
83.671996  	0.325074 
83.679058  	0.322032 
84.158300  	0.273132 
83.864129  	0.299245 
84.022664  	0.281839 
83.825074  	0.280270 
83.669860  	0.317405 
83.532422  	0.335496 
83.303536  	0.336338 
83.531886  	0.322583 
83.862078  	0.267369 
83.650787  	0.330884 
83.953376  	0.304200 
83.882780  	0.298681 
83.897356  	0.286031 
84.088406  	0.241397 
84.105739  	0.273341 
83.821653  	0.277232 
84.005029  	0.285228 
84.021897  	0.263500 
83.998425  	0.259231 
84.203013  	0.242962 
84.238902  	0.248409 
84.000790  	0.310177 
83.610955  	0.293584 
83.973498  	0.274345 
84.205294  	0.248040 
83.951399  	0.262363 
84.405668  	0.268960 
83.949983  	0.260081 
83.228443  	0.325540 
83.946764  	0.276182 
84.332818  	0.240281 
83.452067  	0.287917 
84.041477  	0.276510 
84.164964  	0.283152 
84.041148  	0.259488 
83.926382  	0.279531 
83.655770  	0.277753 
83.639867  	0.283511 
83.810236  	0.311760 
84.103872  	0.248736 
83.674888  	0.304900 
84.088755  	0.289901 
83.802916  	0.308999 
83.903932  	0.275234 
83.897339  	0.298502 
84.167044  	0.260157 
83.925350  	0.292484 
84.039097  	0.259533 
83.965776  	0.275667 
83.764617  	0.289973 
83.890696  	0.294930 
83.798814  	0.302841 
83.747867  	0.290620 
84.101662  	0.308333 
83.951959  	0.287313 
83.983660  	0.278926 
83.895516  	0.275860 
83.448637  	0.338409 
83.700196  	0.272243 
84.129379  	0.272262 
83.750086  	0.297942 
84.349334  	0.245686 
84.103408  	0.298510 
83.776794  	0.290635 
84.159074  	0.262449 
84.293105  	0.282754 
83.694470  	0.315623 
83.850386  	0.300186 
84.381915  	0.241322 
83.697049  	0.297812 
83.887798  	0.283939 
83.834545  	0.331097 
83.220360  	0.328800 
83.508547  	0.305444 
83.344264  	0.341807 
84.089170  	0.292014 
84.132623  	0.252808 
83.852399  	0.284750 
83.976398  	0.271209 
83.893898  	0.283639 
83.907752  	0.285438 
83.598494  	0.309302 
84.026553  	0.281145 
83.799890  	0.286681 
84.222545  	0.257010 
84.256033  	0.279626 
83.958091  	0.293950 
84.048134  	0.285653 
84.202662  	0.274797 
83.863597  	0.266240 
83.618882  	0.308264 
84.041929  	0.273522 
84.242292  	0.277392 
84.109751  	0.310896 
84.005903  	0.289589 
83.786032  	0.258363 
84.031792  	0.283535 
84.165648  	0.255098 
83.929095  	0.300037 
83.814828  	0.288673 
83.522141  	0.287406 
83.899837  	0.262069 
83.657033  	0.290451 
84.285527  	0.260735 
83.962444  	0.288261 
83.845797  	0.282766 
84.040392  	0.300316 
84.151849  	0.280404 
84.410684  	0.251522 
83.993482  	0.298299 
83.807655  	0.310551 
84.097862  	0.277826 
83.826315  	0.278508 
83.654499  	0.263876 
84.030023  	0.275035 
83.902388  	0.265092 
83.912764  	0.273767 
83.889013  	0.265841 
84.004126  	0.267473 
83.888805  	0.275001 
83.846366  	0.286314 
83.430533  	0.307723 
83.818447  	0.293734 
83.822909  	0.315927 
83.872735  	0.279716 
84.265502  	0.261690 
83.865363  	0.292449 
84.126742  	0.268254 
83.443331  	0.345449 
83.253595  	0.378153 
84.036309  	0.271992 
84.150516  	0.308930 
83.542263  	0.314739 
83.763379  	0.303224 
83.837061  	0.297904 
83.777652  	0.292627 
84.222130  	0.272326 
83.677140  	0.306934 
83.594462  	0.325862 
83.573028  	0.307809 
83.882763  	0.319415 
83.614456  	0.303661 
83.777274  	0.291120 
84.066840  	0.283572 
83.911554  	0.266438 
84.122367  	0.299754 
83.828456  	0.301228 
84.200131  	0.284233 
83.714579  	0.276746 
84.116630  	0.279011 
83.750240  	0.289875 
83.777728  	0.319762 
83.804303  	0.287026 
84.025345  	0.272098 
83.597869  	0.304597 
83.808489  	0.292435 
84.147394  	0.283310 
83.606403  	0.322234 
83.854267  	0.280716 
84.188320  	0.297905 
83.930767  	0.265800 
83.991047  	0.273279 
84.041824  	0.283192 
83.839613  	0.292944 
84.055113  	0.288838 
84.136557  	0.292264 
84.062314  	0.281126 
83.919369  	0.289052 
83.615802  	0.295285 
83.751821  	0.310323 
83.697285  	0.305955 
83.926478  	0.314207 
83.392411  	0.355734 
83.556894  	0.320836 
83.202794  	0.348828 
83.857887  	0.292425 
84.021331  	0.290173 
83.854506  	0.278945 
83.216867  	0.321951 
83.862782  	0.312179 
83.677214  	0.325022 
83.906698  	0.302613 
83.877574  	0.324038 
84.045225  	0.309659 
84.012867  	0.282655 
84.489880  	0.274417 
83.604459  	0.293355 
83.767834  	0.289048 
83.430634  	0.319092 
84.256068  	0.249165 
83.741048  	0.284148 
83.506997  	0.330480 
84.176234  	0.242352 
83.699348  	0.315652 
83.842101  	0.286926 
84.127085  	0.288794 
83.864928  	0.287308 
83.967066  	0.294756 
83.992175  	0.305405 
83.893579  	0.294538 
83.546415  	0.332934 
83.616917  	0.297991 
83.649994  	0.319251 
83.722856  	0.289840 
83.634614  	0.319262 
83.706594  	0.319948 
84.075832  	0.284873 
83.521494  	0.311984 
83.934197  	0.280177 
83.958260  	0.298721 
83.721619  	0.297333 
83.470931  	0.307773 
84.014945  	0.272047 
83.923314  	0.258947 
84.438547  	0.255170 
83.718531  	0.312563 
84.015538  	0.283414 
84.121143  	0.241764 
83.747464  	0.272375 
83.779676  	0.316436 
83.827639  	0.285962 
84.267103  	0.301167 
83.739374  	0.301976 
84.097415  	0.263381 
83.557860  	0.316325 
83.762053  	0.307507 
83.904784  	0.281614 
84.109620  	0.274920 
83.845718  	0.296847 
83.946945  	0.297674 
83.788265  	0.278368 
83.687502  	0.310185 
83.755773  	0.306150 
83.794555  	0.323404 
84.087427  	0.259245 
84.270516  	0.259760 
84.057737  	0.300066 
83.934668  	0.259910 
84.173752  	0.251890 
84.041764  	0.288425 
84.137077  	0.255232 
84.274000  	0.260303 
83.663706  	0.293165 
84.409411  	0.258719 
83.506749  	0.332543 
83.865721  	0.271938 
84.247240  	0.242777 
83.720560  	0.312867 
83.727039  	0.302202 
84.333606  	0.250620 
84.082806  	0.294531 
83.956780  	0.269334 
83.789893  	0.281145 
83.703127  	0.296709 
83.390872  	0.342821 
83.755577  	0.312789 
84.005935  	0.261319 
84.161944  	0.275169 
83.788697  	0.288153 
83.600217  	0.330671 
84.115100  	0.296709 
83.695005  	0.335080 
83.948802  	0.305155 
83.817716  	0.335389 
83.496324  	0.357553 
83.797840  	0.300645 
84.054130  	0.251880 
83.854410  	0.256042 
84.048055  	0.285077 
83.698934  	0.293616 
84.032369  	0.306781 
83.845632  	0.276728 
83.494862  	0.344723 
84.094579  	0.268932 
84.158376  	0.258386 
83.971016  	0.266500 
83.620464  	0.313311 
83.945592  	0.272865 
83.859624  	0.268486 
83.710823  	0.285291 
83.636415  	0.345874 
84.292083  	0.262036 
83.940796  	0.258578 
83.512133  	0.331559 
83.583179  	0.355802 
83.895058  	0.307387 
84.030588  	0.289906 
84.041937  	0.276258 
83.978068  	0.286709 
84.035522  	0.282484 
83.959696  	0.277988 
83.796915  	0.272988 
83.961630  	0.297809 
84.127290  	0.263402 
83.663688  	0.322060 
83.939635  	0.295073 
84.391377  	0.226376 
83.913907  	0.283094 
84.151469  	0.259442 
83.702993  	0.286975 
83.592466  	0.308166 
83.992932  	0.277875 
83.925472  	0.286007 
83.854412  	0.278480 
84.018374  	0.270945 
83.943605  	0.273754 
83.857027  	0.299914 
84.004291  	0.278734 
83.430105  	0.335309 
83.425933  	0.319867 
83.626907  	0.319667 
83.922547  	0.321235 
84.065991  	0.294862 
84.355530  	0.281244 
84.688462  	0.257939 
84.196601  	0.287462 
83.878613  	0.300918 
83.696920  	0.332153 
83.773011  	0.313372 
84.073205  	0.291129 
83.846770  	0.284379 
83.760627  	0.316916 
83.652470  	0.294252 
84.234615  	0.291645 
83.721071  	0.281760 
83.890668  	0.304425 
84.004391  	0.281266 
83.623854  	0.323957 
83.903233  	0.275254 
84.197635  	0.265392 
83.625255  	0.317978 
83.909289  	0.298732 
83.877397  	0.297857 
83.881886  	0.278537 
83.953679  	0.306116 
83.481735  	0.305845 
83.773141  	0.253120 
83.875615  	0.259724 
83.783618  	0.298357 
83.679763  	0.335539 
84.072946  	0.269754 
83.816314  	0.293797 
84.057123  	0.255868 
84.087399  	0.259911 
83.658879  	0.303734 
84.180747  	0.300025 
83.774870  	0.322301 
83.285854  	0.345651 
83.674293  	0.293195 
84.018742  	0.303843 
84.261960  	0.253320 
83.746834  	0.278414 
84.054354  	0.267622 
84.024301  	0.282416 
83.931991  	0.283596 
83.527696  	0.293208 
83.824458  	0.274494 
84.374971  	0.254579 
84.049609  	0.263571 
83.321246  	0.311224 
84.117241  	0.272008 
84.315963  	0.242638 
83.856271  	0.281577 
83.877674  	0.264468 
84.249203  	0.280399 
83.604604  	0.314665 
83.852871  	0.288856 
83.845399  	0.317541 
83.773479  	0.246807 
84.097164  	0.275255 
84.140923  	0.262198 
83.695918  	0.323862 
84.019182  	0.256348 
84.336295  	0.252644 
83.888358  	0.282803 
84.455724  	0.285220 
83.260217  	0.316926 
84.325603  	0.246985 
84.312587  	0.243368 
84.062620  	0.280785 
83.475483  	0.327480 
83.980587  	0.280246 
83.340158  	0.320331 
83.954089  	0.282877 
84.083600  	0.258709 
83.788259  	0.296005 
84.170168  	0.234975 
83.796065  	0.259103 
83.863429  	0.272965 
83.892119  	0.271160 
83.723338  	0.303035 
83.688346  	0.290251 
84.105424  	0.261279 
83.663767  	0.311958 
83.625463  	0.289508 
83.947896  	0.283024 
83.541987  	0.337449 
83.916875  	0.290668 
84.037493  	0.275069 
83.953581  	0.306710 
84.173216  	0.288468 
83.733167  	0.303786 
84.038008  	0.281926 
83.983988  	0.302068 
84.034367  	0.268424 
84.201593  	0.264069 
83.853329  	0.292098 
83.882607  	0.279840 
83.978903  	0.276644 
83.802457  	0.301035 
83.840014  	0.286362 
84.145786  	0.291687 
83.407616  	0.310438 
83.977262  	0.262432 
83.770667  	0.283925 
83.978187  	0.294269 
83.497330  	0.302307 
84.060762  	0.283446 
83.748172  	0.308760 
83.713166  	0.316341 
83.880523  	0.297403 
84.070240  	0.280195 
84.331043  	0.209783 
83.559455  	0.316705 
83.457674  	0.323495 
83.466767  	0.318103 
84.162541  	0.302625 
83.919511  	0.265479 
83.693756  	0.284006 
84.216908  	0.265102 
83.996897  	0.284406 
83.894306  	0.303125 
84.245420  	0.279567 
84.219563  	0.293377 
83.611725  	0.308956 
84.279192  	0.288600 
83.841243  	0.298212 
83.896139  	0.310212 
83.566609  	0.296497 
83.627014  	0.292007 
84.141456  	0.257656 
83.579600  	0.275207 
83.706428  	0.288238 
84.173433  	0.262414 
84.112511  	0.273060 
84.019548  	0.258575 
83.591921  	0.316713 
83.874825  	0.282243 
83.667690  	0.296623 
83.784955  	0.326464 
83.764340  	0.307781 
84.167312  	0.273348 
83.733238  	0.326196 
84.186281  	0.284482 
83.482222  	0.320534 
84.159216  	0.267123 
84.112896  	0.290476 
83.814274  	0.301402 
83.686271  	0.307899 
83.663514  	0.306767 
84.032683  	0.292039 
84.127319  	0.278386 
84.115520  	0.252690 
83.455863  	0.286603 
83.619001  	0.318889 
83.828917  	0.292556 
84.029161  	0.294642 
83.627088  	0.316445 
83.856650  	0.302258 
83.878562  	0.287380 
83.862789  	0.298339 
83.497951  	0.314229 
84.026561  	0.280578 
84.214695  	0.261443 
84.096205  	0.242996 
84.015719  	0.259076 
84.162412  	0.245135 
83.833891  	0.278329 
84.087373  	0.294246 
83.699683  	0.323562 
83.481330  	0.289917 
83.793472  	0.309536 
83.801492  	0.262884 
84.205501  	0.239697 
84.066473  	0.280470 
83.924150  	0.282049 
83.874197  	0.301934 
84.141660  	0.266610 
83.648592  	0.309948 
83.863954  	0.310378 
83.624406  	0.312334 
84.082122  	0.268155 
84.364066  	0.263160 
83.590434  	0.317764 
83.484553  	0.322158 
83.561260  	0.312122 
83.914476  	0.288567 
84.223767  	0.276470 
83.860975  	0.286497 
84.291914  	0.249299 
83.865964  	0.279840 
83.980347  	0.251608 
84.087398  	0.283278 
83.973295  	0.286125 
83.750549  	0.278318 
83.600225  	0.306981 
83.960460  	0.288166 
84.208398  	0.283522 
83.851632  	0.292763 
84.052457  	0.255408 
83.731441  	0.291632 
84.273679  	0.275944 
83.865514  	0.280977 
84.013360  	0.279141 
83.680357  	0.294258 
83.752435  	0.305357 
84.044604  	0.262450 
84.067379  	0.248746 
84.251984  	0.283869 
84.038572  	0.289495 
83.999261  	0.284853 
83.993991  	0.271250 
84.073043  	0.270633 
83.765952  	0.286533 
83.541695  	0.323322 
84.097692  	0.291079 
83.922145  	0.308406 
83.868457  	0.288986 
83.859050  	0.286315 
83.732506  	0.327500 
83.929732  	0.253802 
83.888184  	0.307987 
84.157172  	0.276067 
84.069880  	0.256627 
83.883732  	0.277512 
83.457524  	0.306963 
83.709385  	0.297669 
83.985377  	0.296194 
84.282202  	0.268754 
84.016862  	0.265808 
84.107076  	0.272802 
83.819549  	0.322850 
83.323225  	0.334014 
83.921685  	0.280676 
83.748782  	0.276831 
83.594264  	0.291811 
83.935198  	0.285805 
83.607061  	0.305554 
83.748614  	0.299701 
83.854942  	0.289287 
83.727275  	0.289377 
84.152886  	0.247338 
83.978145  	0.282127 
83.882679  	0.314639 
83.770507  	0.289783 
83.784973  	0.268524 
83.790858  	0.298115 
84.072222  	0.272648 
83.824129  	0.324481 
83.792383  	0.326213 
83.822332  	0.292934 
83.386226  	0.301415 
83.709765  	0.290940 
83.823828  	0.283619 
83.612313  	0.293888 
83.756762  	0.324701 
83.457900  	0.319727 
83.672763  	0.292161 
84.139003  	0.286417 
83.453445  	0.315633 
84.102878  	0.265095 
83.944179  	0.306751 
83.664792  	0.279936 
83.844105  	0.261452 
83.658316  	0.295975 
83.596516  	0.340197 
83.930639  	0.292039 
84.307756  	0.260594 
84.039609  	0.265355 
83.905464  	0.295520 
83.370033  	0.325907 
84.016414  	0.293748 
83.767201  	0.290967 
84.054334  	0.267227 
84.034599  	0.265222 
83.984134  	0.269571 
83.957738  	0.301365 
83.779641  	0.317226 
83.619720  	0.303646 
83.854866  	0.296985 
84.038941  	0.272727 
84.064122  	0.275269 
84.075787  	0.288003 
83.951134  	0.310260 
83.630034  	0.308393 
83.912870  	0.266063 
83.967395  	0.283190 
83.894758  	0.305109 
83.741364  	0.304337 
83.774207  	0.319884 
84.017741  	0.289763 
84.045679  	0.276689 
84.027820  	0.256422 
83.988152  	0.260478 
83.914929  	0.257143 
83.713112  	0.296740 
83.906185  	0.303397 
83.304146  	0.340332 
83.761022  	0.302702 
84.001666  	0.265170 
83.987909  	0.295047 
83.786772  	0.322498 
84.085970  	0.286348 
83.996909  	0.236012 
84.307586  	0.238487 
84.039519  	0.263364 
84.208961  	0.276957 
83.973227  	0.231371 
84.085665  	0.278335 
83.627592  	0.329854 
83.943841  	0.266372 
83.811604  	0.288883 
83.762783  	0.311907 
83.938306  	0.285501 
83.640566  	0.297089 
83.846293  	0.279229 
83.798518  	0.288578 
84.122260  	0.276829 
83.713210  	0.329467 
83.653342  	0.304948 
84.143318  	0.284239 
83.792164  	0.279021 
84.373032  	0.297358 
84.054375  	0.315033 
84.101961  	0.280698 
84.088492  	0.284291 
84.123337  	0.253305 
83.872338  	0.274291 
83.995611  	0.256193 
84.059684  	0.307713 
84.341170  	0.292299 
84.007094  	0.288733 
83.992887  	0.289606 
83.972495  	0.274970 
83.804850  	0.285833 
84.115798  	0.283544 
84.446421  	0.270989 
83.789451  	0.281017 
83.606825  	0.306936 
83.878088  	0.285197 
84.215590  	0.248509 
83.906575  	0.260157 
84.250346  	0.257474 
83.839032  	0.310200 
83.787789  	0.333001 
83.495787  	0.307563 
83.923807  	0.275265 
83.804144  	0.294921 
83.717213  	0.327439 
84.150401  	0.263825 
84.313428  	0.232585 
83.642827  	0.260789 
83.782830  	0.305494 
83.822705  	0.282496 
83.688253  	0.304957 
84.050892  	0.304604 
84.049549  	0.296500 
83.759906  	0.270152 
83.633133  	0.288063 
83.729755  	0.300832 
84.122291  	0.279107 
83.784932  	0.303326 
83.930059  	0.272146 
83.862141  	0.281522 
84.221154  	0.257366 
83.820504  	0.284561 
84.094629  	0.277786 
84.015494  	0.264938 
83.440172  	0.319683 
84.036623  	0.264371 
84.313388  	0.243792 
84.225269  	0.267290 
83.696257  	0.290331 
84.093074  	0.264891 
83.948411  	0.297517 
83.766043  	0.329233 
83.983882  	0.306447 
83.497743  	0.320353 
83.610404  	0.316718 
83.857744  	0.298108 
83.977515  	0.281290 
84.067239  	0.260238 
83.931566  	0.295156 
83.948177  	0.278068 
84.249862  	0.244551 
83.660220  	0.311594 
83.718469  	0.310669 
84.314473  	0.249041 
84.070493  	0.262804 
84.091857  	0.284923 
83.608274  	0.291495 
83.734443  	0.301835 
83.893247  	0.320547 
84.219848  	0.278077 
83.905576  	0.294467 
83.804896  	0.305731 
84.236832  	0.283025 
83.946660  	0.310826 
83.882048  	0.295728 
84.231936  	0.284494 
84.029390  	0.278110 
83.623497  	0.302906 
83.928953  	0.240587 
83.937282  	0.267318 
83.679968  	0.277839 
84.068494  	0.259508 
83.830777  	0.287084 
83.923610  	0.298373 
84.028485  	0.306436 
83.945635  	0.256902 
84.243286  	0.271816 
83.886418  	0.294165 
84.256964  	0.269646 
83.399606  	0.314045 
83.667156  	0.302861 
84.228854  	0.256966 
83.920941  	0.299134 
84.168426  	0.290722 
83.913350  	0.322531 
83.646097  	0.329760 
84.185799  	0.278920 
83.969890  	0.302894 
83.781925  	0.279665 
83.372564  	0.317021 
83.780955  	0.305930 
83.929814  	0.280731 
83.801089  	0.269751 
84.279463  	0.261337 
84.308708  	0.276822 
84.072660  	0.291008 
83.950200  	0.271087 
83.722575  	0.290965 
84.179439  	0.280599 
83.827451  	0.309448 
83.931576  	0.298853 
83.768069  	0.306531 
84.010416  	0.287575 
83.908561  	0.287721 
83.577560  	0.293241 
83.705161  	0.316556 
84.248778  	0.266931 
83.748382  	0.300413 
84.111556  	0.288155 
84.134918  	0.277409 
83.736008  	0.293538 
83.843962  	0.278199 
83.708823  	0.310251 
83.893162  	0.275200 
83.984375  	0.271878 
83.847836  	0.318763 
83.959011  	0.298264 
84.022393  	0.263218 
83.820507  	0.279964 
83.857925  	0.276159 
83.767908  	0.280920 
83.882233  	0.290982 
83.851122  	0.294237 
83.374253  	0.325097 
83.740699  	0.317140 
84.077957  	0.240118 
84.221046  	0.292972 
83.687685  	0.301801 
84.021653  	0.261081 
83.516381  	0.301800 
83.939556  	0.314399 
83.356487  	0.339849 
84.384123  	0.273857 
84.135827  	0.268947 
84.414224  	0.267962 
83.707168  	0.287852 
83.768595  	0.283060 
83.464786  	0.265529 
84.028403  	0.267161 
84.420943  	0.274315 
84.156199  	0.289184 
83.443763  	0.296354 
84.137526  	0.278346 
83.874738  	0.282256 
84.061123  	0.239102 
83.943395  	0.286346 
83.492047  	0.292811 
83.928161  	0.278672 
84.227808  	0.239937 
84.082424  	0.265447 
83.857143  	0.274764 
83.708471  	0.313041 
83.550835  	0.313581 
83.726094  	0.296636 
83.915001  	0.275624 
84.100830  	0.272042 
84.120660  	0.271250 
83.895590  	0.285299 
83.677348  	0.267189 
84.106928  	0.270586 
84.242994  	0.281720 
84.024740  	0.280843 
83.682436  	0.280981 
84.049342  	0.276986 
84.134924  	0.273441 
83.942381  	0.275140 
83.898989  	0.298588 
83.788838  	0.286272 
83.841705  	0.274888 
83.712020  	0.322039 
83.804220  	0.294792 
83.631834  	0.300837 
84.081314  	0.276325 
84.071752  	0.310858 
84.106890  	0.288069 
83.617374  	0.282414 
83.606755  	0.292374 
83.862845  	0.295736 
84.229716  	0.249681 
83.388431  	0.313095 
83.578297  	0.304217 
83.492193  	0.321242 
83.359448  	0.314512 
83.858043  	0.294654 
83.946941  	0.280547 
84.131586  	0.279390 
83.949955  	0.310534 
83.871479  	0.301436 
83.363041  	0.360441 
83.926468  	0.288072 
84.114916  	0.280330 
84.304849  	0.270296 
84.044504  	0.289559 
83.593854  	0.303498 
83.877593  	0.303024 
83.485549  	0.329736 
83.567679  	0.287801 
83.856017  	0.291589 
83.734396  	0.279937 
84.053331  	0.263814 
83.830632  	0.331987 
83.278140  	0.334965 
84.103214  	0.289731 
83.521817  	0.317244 
83.722334  	0.323507 
83.854791  	0.301809 
83.616282  	0.297403 
84.089581  	0.293291 
84.468098  	0.213737 
83.932144  	0.279287 
83.868042  	0.295906 
83.996762  	0.268034 
83.972210  	0.294274 
84.076641  	0.286986 
83.641094  	0.281470 
83.734957  	0.315332 
84.350475  	0.240664 
83.902610  	0.277361 
83.879603  	0.281639 
83.378943  	0.354966 
83.426379  	0.323318 
84.000497  	0.265949 
84.303750  	0.260563 
83.431371  	0.306798 
84.193699  	0.287629 
83.844471  	0.276282 
83.893079  	0.280390 
84.068124  	0.242268 
84.205431  	0.263518 
83.838177  	0.274563 
83.723328  	0.303200 
83.930492  	0.296648 
83.914637  	0.283373 
84.326078  	0.253883 
83.531690  	0.306456 
83.248250  	0.330262 
84.252510  	0.288906 
83.902668  	0.296705 
83.780186  	0.313847 
83.454367  	0.333018 
83.817175  	0.309703 
84.102605  	0.310992 
83.860896  	0.296487 
84.051165  	0.315199 
83.491235  	0.333168 
83.846735  	0.271182 
83.980358  	0.288201 
83.986392  	0.269655 
83.929214  	0.268568 
83.776438  	0.273358 
83.817087  	0.280661 
84.071175  	0.274309 
83.946976  	0.291205 
83.950310  	0.305810 
84.000985  	0.293862 
83.634226  	0.321763 
84.137528  	0.267139 
83.977765  	0.295438 
84.201441  	0.277788 
84.067863  	0.308978 
84.103085  	0.285550 
84.140318  	0.275924 
84.343741  	0.236583 
84.406359  	0.259060 
83.875985  	0.281919 
83.577954  	0.319782 
83.895076  	0.281531 
84.299982  	0.250616 
83.950464  	0.275684 
84.018628  	0.297671 
83.712288  	0.302048 
83.634780  	0.307251 
84.326154  	0.253606 
83.924043  	0.267391 
83.905480  	0.302833 
83.767309  	0.306635 
83.539132  	0.331907 
84.250287  	0.287239 
83.681810  	0.325559 
83.874317  	0.299017 
83.571602  	0.319667 
83.813129  	0.294227 
84.001100  	0.298284 
84.077727  	0.271139 
83.855713  	0.288514 
83.920624  	0.309464 
83.737995  	0.312691 
83.348996  	0.314506 
84.516750  	0.236915 
84.232700  	0.254444 
84.139957  	0.267979 
83.892710  	0.294653 
83.679261  	0.294098 
83.985572  	0.271275 
83.790339  	0.277904 
83.774660  	0.276934 
83.602989  	0.318454 
83.943598  	0.287350 
83.944035  	0.289071 
83.695953  	0.305628 
83.895744  	0.277097 
84.463257  	0.273967 
83.839837  	0.270900 
84.067881  	0.264534 
84.191235  	0.281785 
83.929255  	0.289163 
83.834365  	0.294272 
84.359689  	0.262414 
83.732765  	0.312604 
84.156935  	0.283400 
83.536691  	0.326142 
83.702525  	0.307820 
83.657075  	0.330137 
83.931087  	0.277122 
84.244504  	0.270353 
83.681671  	0.286508 
84.041930  	0.280106 
84.052057  	0.265935 
83.533838  	0.328138 
83.718747  	0.297827 
84.022713  	0.305213 
83.986393  	0.265177 
84.005226  	0.296926 
83.631291  	0.298758 
83.372409  	0.322207 
83.744068  	0.316612 
83.753482  	0.289360 
83.927361  	0.281153 
83.675363  	0.335985 
84.173390  	0.272534 
83.698558  	0.309190 
84.147159  	0.293150 
83.758580  	0.320722 
83.873193  	0.287384 
84.029091  	0.304840 
83.997038  	0.288116 
83.801364  	0.304538 
84.337923  	0.275744 
83.814866  	0.303988 
83.806438  	0.308545 
83.725759  	0.322283 
83.517715  	0.347038 
83.828354  	0.324354 
83.614259  	0.283002 
84.017446  	0.269557 
83.625784  	0.307890 
83.524113  	0.293221 
83.965535  	0.278434 
83.491188  	0.290762 
84.075285  	0.286456 
83.998081  	0.291439 
84.137610  	0.246220 
83.721484  	0.320262 
83.881098  	0.303678 
84.015833  	0.275291 
83.942851  	0.290441 
83.935880  	0.312432 
83.870275  	0.289759 
84.144785  	0.286412 
83.964075  	0.261362 
83.620636  	0.314835 
84.086416  	0.284852 
83.982438  	0.270109 
83.967282  	0.289583 
84.020833  	0.253407 
83.548575  	0.295139 
83.947933  	0.305472 
83.524417  	0.335739 
83.900457  	0.315118 
83.793255  	0.293251 
84.136550  	0.282423 
84.221008  	0.276634 
83.875756  	0.301056 
83.660594  	0.307236 
84.048621  	0.289024 
83.942924  	0.262613 
83.476716  	0.315266 
83.596863  	0.292946 
83.851795  	0.292023 
84.019616  	0.298699 
83.618793  	0.304177 
83.925269  	0.257361 
84.008373  	0.265424 
84.041077  	0.282607 
83.416426  	0.323187 
83.892048  	0.292243 
83.758582  	0.318323 
83.910022  	0.305816 
84.050141  	0.287651 
83.890011  	0.311372 
83.102000  	0.381948 
83.720919  	0.296934 
83.764773  	0.292943 
83.855232  	0.306939 
84.032200  	0.291321 
83.989275  	0.280191 
83.524868  	0.319658 
83.433591  	0.318689 
83.334363  	0.315169 
83.864035  	0.281223 
84.291075  	0.265947 
84.050877  	0.292402 
83.867905  	0.274788 
83.979299  	0.286779 
83.984758  	0.268501 
83.657002  	0.311047 
84.112439  	0.272751 
83.947858  	0.270716 
83.945602  	0.298339 
84.072178  	0.282742 
84.213819  	0.232235 
83.941279  	0.268194 
83.576641  	0.307504 
83.878622  	0.302829 
84.012511  	0.260200 
83.941910  	0.297978 
84.217740  	0.269846 
84.163286  	0.263023 
83.983550  	0.257018 
83.846674  	0.305422 
83.372512  	0.331101 
83.841842  	0.289844 
83.894954  	0.290803 
83.690234  	0.312995 
83.797748  	0.325881 
84.047155  	0.287784 
84.290648  	0.242095 
84.372752  	0.252596 
84.183902  	0.264504 
84.241079  	0.258505 
84.134430  	0.272301 
83.972627  	0.294868 
83.560184  	0.313909 
84.016635  	0.296268 
84.066999  	0.256208 
83.941125  	0.297431 
83.834847  	0.306416 
83.795819  	0.281663 
83.860167  	0.300807 
83.777998  	0.294014 
83.524791  	0.314128 
83.870210  	0.296818 
83.886981  	0.297403 
83.822203  	0.323765 
83.133203  	0.357941 
83.818434  	0.323100 
83.625083  	0.289644 
83.555923  	0.301608 
83.817181  	0.288381 
83.935955  	0.276999 
84.119896  	0.276886 
84.438011  	0.233033 
83.860579  	0.283497 
83.817310  	0.286259 
83.956880  	0.282421 
83.684617  	0.288241 
83.962178  	0.278083 
84.172709  	0.244627 
83.485422  	0.316538 
83.540240  	0.295762 
83.944350  	0.296099 
83.619511  	0.312889 
83.842872  	0.313422 
83.868399  	0.302303 
83.979498  	0.263663 
83.661960  	0.299917 
83.676097  	0.304340 
83.667916  	0.301003 
84.069291  	0.277779 
83.938927  	0.283842 
84.086793  	0.248449 
84.141124  	0.271798 
84.509380  	0.239033 
83.841091  	0.281315 
84.239393  	0.262852 
84.159062  	0.274330 
83.940529  	0.256976 
83.561504  	0.293609 
84.272294  	0.296047 
83.899874  	0.308796 
83.751151  	0.331078 
84.108282  	0.248280 
83.796736  	0.282041 
84.130612  	0.279060 
83.957935  	0.277084 
83.858092  	0.284301 
83.880598  	0.289999 
83.901079  	0.290084 
83.877737  	0.298538 
84.256436  	0.274513 
84.196050  	0.255720 
84.022694  	0.284301 
83.907312  	0.257342 
84.239447  	0.287052 
84.518556  	0.258005 
83.772551  	0.333565 
83.667935  	0.303718 
83.602175  	0.316671 
84.050124  	0.275871 
83.830648  	0.308282 
84.203281  	0.267305 
83.653693  	0.287538 
84.090032  	0.281365 
84.103477  	0.278122 
83.708034  	0.305082 
83.864554  	0.279810 
83.573013  	0.292647 
84.187144  	0.270225 
84.050761  	0.278547 
83.747467  	0.302502 
84.154290  	0.269362 
84.147144  	0.288607 
84.014304  	0.283672 
83.697415  	0.318389 
84.093988  	0.297180 
83.841800  	0.298527 
83.774973  	0.269459 
83.804374  	0.289337 
83.590704  	0.295809 
84.041821  	0.258805 
84.129857  	0.278767 
83.593113  	0.320670 
84.037521  	0.288444 
83.937602  	0.314938 
83.957910  	0.283425 
83.693840  	0.299345 
83.668194  	0.304331 
83.590253  	0.302993 
84.277415  	0.240584 
83.785971  	0.270967 
84.039219  	0.291090 
84.001878  	0.270052 
83.743584  	0.284809 
83.743371  	0.321013 
84.071864  	0.284269 
83.597998  	0.314871 
84.001234  	0.274773 
83.914180  	0.293569 
84.021504  	0.307665 
83.715832  	0.310147 
83.751386  	0.291131 
83.882430  	0.277167 
84.418917  	0.263679 
83.889805  	0.293843 
83.795906  	0.309251 
83.806813  	0.295843 
84.096770  	0.269848 
84.333537  	0.256699 
83.988959  	0.238911 
83.959495  	0.276250 
83.920241  	0.276395 
83.894766  	0.240863 
83.949637  	0.274602 
83.996080  	0.291819 
84.003567  	0.275249 
84.410737  	0.265392 
84.092939  	0.249139 
83.597575  	0.271578 
83.855396  	0.274366 
83.980816  	0.292570 
84.235836  	0.265359 
84.048497  	0.262183 
83.744943  	0.315876 
83.944675  	0.283806 
83.751883  	0.298719 
83.977803  	0.297834 
84.093851  	0.271021 
84.058489  	0.267466 
84.452746  	0.248808 
84.150515  	0.257080 
83.410919  	0.312977 
83.880924  	0.289284 
84.127742  	0.269146 
84.326496  	0.239649 
84.121181  	0.261489 
83.810425  	0.283588 
83.667321  	0.297182 
83.957201  	0.303496 
84.182552  	0.283581 
83.711904  	0.280206 
84.075475  	0.267141 
83.731916  	0.274605 
84.479495  	0.233656 
83.935567  	0.277545 
84.206758  	0.280323 
83.574828  	0.321534 
83.566603  	0.323137 
83.619657  	0.310767 
83.868564  	0.292140 
83.681133  	0.296974 
83.979125  	0.260484 
84.184932  	0.270875 
83.800151  	0.276439 
83.558757  	0.312109 
83.938530  	0.279856 
84.029837  	0.268412 
84.057543  	0.264957 
84.073607  	0.272069 
84.348736  	0.273350 
84.041730  	0.252101 
83.825116  	0.303041 
83.896618  	0.292728 
83.968314  	0.289000 
83.937936  	0.301936 
84.077606  	0.271404 
83.903034  	0.279658 
83.740419  	0.298657 
84.012301  	0.308365 
83.929080  	0.279351 
83.866212  	0.297748 
83.980242  	0.290516 
83.745266  	0.283012 
83.714027  	0.302917 
84.325502  	0.264972 
84.078614  	0.275443 
83.557479  	0.304925 
84.142518  	0.295500 
84.027970  	0.287395 
83.494822  	0.327801 
83.544777  	0.312626 
83.544152  	0.328801 
84.105714  	0.249606 
83.969968  	0.282299 
83.834276  	0.315040 
84.162713  	0.311385 
83.857395  	0.300958 
83.998443  	0.266852 
84.166185  	0.265995 
83.930171  	0.321471 
83.508931  	0.308544 
83.869959  	0.305420 
84.134262  	0.267715 
84.143766  	0.251489 
83.689946  	0.303390 
83.942609  	0.323073 
83.840072  	0.278387 
83.982523  	0.264561 
83.917819  	0.290341 
84.177660  	0.278496 
83.831534  	0.270670 
83.723813  	0.312836 
84.036125  	0.289107 
83.581367  	0.330146 
83.677906  	0.282910 
83.739564  	0.299987 
83.859093  	0.307115 
83.942682  	0.287970 
84.004805  	0.267525 
83.729308  	0.306450 
83.821230  	0.302421 
83.800180  	0.264541 
84.275381  	0.258647 
83.943686  	0.288934 
83.548447  	0.309454 
83.940047  	0.289457 
83.951251  	0.271344 
83.732836  	0.304525 
83.805831  	0.292105 
83.657313  	0.305800 
83.640059  	0.338795 
83.947359  	0.289850 
84.277803  	0.263431 
83.675893  	0.329447 
83.374621  	0.347757 
83.925246  	0.304744 
83.662351  	0.307456 
83.940872  	0.283011 
84.254169  	0.268421 
83.963477  	0.281877 
83.852125  	0.295650 
83.737470  	0.289832 
83.934612  	0.285657 
83.267713  	0.307180 
84.049841  	0.277784 
83.695437  	0.294002 
83.841565  	0.276916 
83.787083  	0.284053 
84.025352  	0.268998 
83.841672  	0.295019 
83.731536  	0.284712 
83.529198  	0.336207 
84.134012  	0.261425 
83.874432  	0.292826 
83.575523  	0.311811 
84.010892  	0.301612 
83.791060  	0.322541 
83.584541  	0.289036 
83.743635  	0.289258 
84.138881  	0.279886 
83.901041  	0.299909 
83.867031  	0.282827 
83.969545  	0.280685 
83.931610  	0.288197 
83.798493  	0.312839 
83.704121  	0.308730 
84.214651  	0.270923 
83.923097  	0.305564 
83.976228  	0.278849 
84.028871  	0.283375 
83.918713  	0.289437 
83.983092  	0.293774 
84.213757  	0.261817 
83.745455  	0.311450 
84.094430  	0.291357 
83.523909  	0.286218 
83.944205  	0.267893 
84.095522  	0.262078 
84.317430  	0.269881 
83.848962  	0.273471 
83.829216  	0.330483 
83.685864  	0.333447 
83.656577  	0.310381 
83.833779  	0.316794 
83.381001  	0.334333 
83.696458  	0.298198 
84.346986  	0.264478 
84.076510  	0.292996 
83.603008  	0.327077 
83.993253  	0.287972 
84.048864  	0.281253 
83.983967  	0.266074 
83.884765  	0.284971 
83.957776  	0.285539 
83.902811  	0.277531 
84.084851  	0.275481 
83.859419  	0.281322 
84.102774  	0.266400 
83.696643  	0.296107 
83.914480  	0.293962 
84.472144  	0.244594 
83.725326  	0.286308 
83.751977  	0.295882 
84.153962  	0.244109 
84.010177  	0.278205 
84.331692  	0.243340 
83.996940  	0.293307 
84.180916  	0.283638 
83.746427  	0.310363 
83.675903  	0.315130 
