19.365053  	17.748091 
-17.879147  	-13.577043 
15.382643  	-22.234530 
-10.428364  	3.774815 
-2.324643  	2.365594 
15.894236  	-16.744350 
-3.379099  	-15.510696 
26.836049  	2.797580 
-7.498740  	2.183781 
9.805836  	20.441272 
-0.930857  	13.384077 
-14.517504  	-11.324401 
5.166213  	4.616301 
-8.983253  	10.502436 
-4.732589  	14.128078 
-0.973012  	0.230755 
-14.005993  	9.891014 
-1.341352  	-8.786397 
-0.897805  	-9.807851 
8.738497  	6.374847 
16.550948  	14.596785 
-11.901507  	-11.285129 
16.593722  	-4.652783 
19.339708  	-1.405590 
-0.947967  	1.049457 
12.920709  	-8.834889 
19.445279  	8.116719 
-1.823834  	-28.243117 
8.173729  	-8.842519 
-10.189124  	18.225854 
-1.173112  	-14.339589 
-0.153245  	-8.830431 
10.251735  	7.867778 
10.098971  	9.539957 
4.710169  	25.822748 
25.181648  	7.340613 
-6.370672  	11.463618 
9.098984  	12.174091 
17.145949  	21.954873 
-1.876097  	-5.047797 
13.804338  	15.409096 
1.523011  	-4.547575 
-9.674315  	-5.779933 
-27.444541  	4.098433 
-9.727343  	8.682096 
1.391399  	13.493110 
20.839622  	19.044951 
11.076200  	1.522432 
-3.460055  	27.459571 
21.826875  	10.889790 
8.352376  	-23.350328 
8.967856  	15.283245 
-4.580672  	6.084196 
-11.180464  	9.999861 
-27.290203  	3.353327 
3.210959  	-13.442088 
-17.470182  	-9.632899 
4.554101  	1.805592 
-10.814934  	2.009281 
-13.438494  	23.030564 
-24.040741  	14.934617 
-4.828653  	-13.917044 
-22.194745  	14.366395 
4.512529  	-4.078858 
-4.506585  	-13.026538 
8.375257  	2.802689 
-5.362090  	16.194073 
-10.425542  	4.723143 
-24.500339  	-13.846782 
-4.556645  	-16.469274 
0.533031  	20.825846 
14.668865  	13.222118 
-16.522670  	-20.347024 
23.982840  	17.601801 
-20.228672  	2.792999 
9.391893  	7.469427 
1.195236  	-27.759168 
3.604548  	5.657494 
-11.015092  	1.915136 
-13.688105  	9.624748 
28.670219  	0.136232 
-22.352234  	-4.514161 
16.650166  	1.331150 
-14.148887  	-6.768234 
-19.018690  	-12.934041 
-13.697252  	-24.028843 
-14.174091  	-21.356384 
27.218656  	11.006579 
-27.276981  	-4.578900 
3.528374  	26.731079 
29.075448  	-6.604417 
-5.928021  	-5.904115 
-13.984494  	-1.197467 
26.267473  	-1.009894 
-18.539388  	20.887582 
1.664423  	-9.655553 
-6.790355  	-4.346387 
11.171538  	-27.022153 
-14.132694  	-20.205617 
-17.969618  	18.195956 
3.878575  	7.871255 
11.294372  	21.896054 
2.118377  	-20.627954 
-22.492587  	9.853098 
28.418212  	8.270745 
2.384481  	-0.560581 
-21.144205  	7.544707 
29.745251  	3.495720 
-0.182595  	27.091819 
-20.083210  	21.063349 
-17.235975  	1.386059 
2.493080  	6.307500 
13.473706  	-2.111690 
-7.406707  	-18.765412 
1.185384  	-4.194623 
-0.975059  	0.221944 
-18.165446  	4.125115 
7.310059  	-25.427604 
-11.879796  	23.871960 
-16.897283  	-11.596630 
2.663243  	-17.375475 
-5.774914  	4.080486 
5.141273  	-13.984538 
17.633009  	12.572867 
-15.741020  	7.226362 
22.319810  	17.601877 
11.290827  	-8.804386 
-13.559068  	2.037564 
25.132425  	3.655298 
12.357232  	5.941282 
24.160526  	-1.126486 
26.413457  	5.859121 
14.944428  	19.891307 
-9.100354  	13.311031 
-7.252361  	-21.895279 
19.238538  	0.937364 
17.317585  	-14.003616 
12.898954  	19.560598 
10.171450  	-6.598606 
0.100600  	-24.227874 
26.693777  	-12.507688 
-24.677551  	0.135996 
-24.118763  	-0.534092 
-8.015987  	13.738411 
7.913684  	-1.540653 
-10.477281  	-13.900597 
12.683760  	0.349630 
-14.759348  	4.707616 
-14.582211  	-3.515554 
28.182874  	2.779499 
-24.390168  	-4.256723 
-24.178935  	0.615702 
-21.242649  	1.322817 
-12.649953  	14.386754 
2.433547  	4.251805 
2.307004  	1.636378 
17.748146  	-0.057659 
2.163697  	20.623249 
-4.050407  	-14.127781 
-20.469055  	0.133420 
4.142866  	1.958740 
13.718958  	-1.670385 
-2.930032  	-18.314336 
9.711477  	10.133470 
4.390042  	1.651523 
11.853652  	-19.480527 
1.782685  	18.078220 
9.110551  	4.358653 
-20.048331  	0.253841 
-5.921907  	-25.940914 
-12.607870  	17.917634 
-11.001587  	-13.452326 
-19.434236  	5.129374 
-14.306442  	1.525033 
-10.375363  	2.313405 
6.780402  	-20.372190 
12.284562  	22.340312 
-21.877170  	0.624029 
-4.796852  	6.854940 
-15.436239  	-3.965163 
7.307117  	27.903513 
-1.941290  	-7.760889 
-5.562199  	-24.760088 
23.272456  	14.811914 
-13.468531  	24.178475 
-19.413584  	-18.923868 
-10.110672  	-9.474931 
-17.694983  	4.988746 
22.052960  	13.025626 
16.015407  	-6.205379 
11.485105  	-23.623979 
4.552906  	27.244652 
4.992802  	8.430417 
24.698457  	3.739819 
-11.177825  	11.093072 
7.571859  	-15.769177 
-17.215537  	2.761393 
-7.282931  	-10.675154 
-16.919190  	-19.589309 
-3.907343  	-8.929315 
-18.386503  	-10.194925 
-17.682176  	20.936586 
-6.015620  	29.305500 
14.846044  	21.461477 
13.388437  	14.756346 
-25.922131  	7.074116 
-7.303095  	-28.594839 
2.068644  	-28.839568 
-5.156684  	24.112416 
19.644549  	-4.134212 
-11.254564  	-14.843678 
-6.393452  	-0.351814 
-25.210261  	4.409395 
4.445450  	-10.688216 
-13.765628  	20.211568 
0.284259  	4.349620 
-16.217792  	-8.305614 
11.544895  	19.563113 
2.098750  	26.049861 
-11.258503  	-7.825990 
22.955357  	8.547022 
13.936551  	-17.139794 
15.331899  	-24.595383 
-5.725035  	-4.150177 
-3.503611  	5.632469 
3.605488  	0.021389 
-12.637903  	-19.112389 
-21.423969  	15.969144 
17.466912  	0.952359 
-5.648020  	-10.540392 
27.880966  	-6.682197 
24.651096  	-14.707939 
17.164771  	24.028538 
-14.422183  	18.330320 
19.925025  	-14.832174 
-12.078236  	6.333736 
14.875186  	17.542201 
15.389050  	-13.083468 
-7.382135  	-9.565777 
3.577547  	13.236357 
-17.476742  	12.351660 
6.806800  	17.907191 
-17.167779  	21.101359 
13.935694  	-21.231967 
-25.311600  	12.857795 
-19.882598  	3.831748 
-12.848755  	18.918496 
2.130505  	-20.867701 
8.100730  	5.327117 
-14.073615  	-24.696829 
22.810034  	3.564034 
-16.915835  	9.265772 
26.764040  	5.165865 
-21.686174  	1.646170 
-9.974954  	7.106356 
20.729179  	15.175676 
-21.119297  	19.620787 
20.219028  	21.335203 
-16.558051  	1.682545 
2.826300  	25.865267 
3.725408  	7.288438 
0.384536  	-15.679673 
-11.687311  	-17.843956 
-4.882422  	28.586045 
13.155092  	14.762912 
7.739342  	-17.609730 
4.081063  	8.963533 
-14.594897  	-21.493929 
-20.730241  	20.500173 
-23.013046  	12.545904 
-15.454998  	23.730635 
1.313109  	1.129489 
-26.984631  	12.362430 
-8.282581  	5.137982 
12.900157  	26.562868 
3.548384  	-4.838282 
0.667656  	-26.843141 
-4.240960  	-0.119393 
8.884959  	13.930452 
7.300593  	-16.813725 
-14.672970  	-0.839027 
15.496450  	-14.961953 
-0.224307  	-22.977156 
15.842975  	-2.449519 
7.472398  	-26.517226 
-18.620340  	19.603136 
11.344088  	0.558268 
1.214272  	6.365968 
-0.479846  	29.406968 
20.779125  	-0.477463 
13.584396  	-23.118481 
-2.710290  	-10.471596 
13.646447  	-21.812255 
15.502040  	18.212269 
23.398073  	-14.578414 
-5.928862  	-9.992427 
-9.819340  	-27.524181 
0.640017  	7.455896 
-13.691514  	25.914136 
-2.193303  	26.686877 
27.446948  	3.957910 
16.611004  	-0.273029 
-15.542564  	23.525065 
28.628624  	1.844422 
1.332460  	9.067775 
3.018733  	19.947111 
-15.751820  	3.588896 
19.676216  	8.357424 
-14.181041  	4.989796 
3.863972  	6.713399 
1.671893  	3.899330 
24.196714  	-12.349860 
26.748093  	7.651111 
6.955098  	-17.794005 
-10.826564  	-12.320127 
-21.106381  	20.676573 
0.830839  	27.646152 
-8.355056  	-22.297826 
17.826585  	-14.567528 
13.793384  	16.962976 
-3.472823  	5.379545 
25.814375  	-11.942280 
0.175878  	8.942543 
17.846909  	-13.981697 
14.967722  	-1.402606 
-0.650808  	4.957464 
-7.112090  	27.539393 
-14.829123  	-22.205790 
23.731712  	-17.458689 
4.218728  	14.839216 
-7.307568  	-17.765119 
5.501966  	-25.371803 
6.418693  	-22.154015 
-24.461546  	-5.443598 
17.463961  	-7.416877 
-13.622194  	-7.774049 
0.770784  	-26.521800 
22.402297  	13.233936 
-12.831007  	-24.644782 
2.948344  	10.691458 
-19.758781  	1.609528 
19.423931  	-12.071078 
3.151167  	1.752183 
11.550187  	-13.623259 
3.548496  	-25.892242 
-19.057290  	-13.521084 
13.906250  	15.544009 
23.028382  	-18.592837 
-25.363382  	-4.438341 
4.233426  	-1.441565 
-7.072575  	2.445136 
-3.176412  	0.954152 
25.658791  	-13.513936 
16.656632  	-17.987679 
5.147306  	-19.862156 
-16.705838  	16.909021 
14.174989  	18.763520 
-21.047178  	-13.528352 
21.484748  	2.899241 
-2.568797  	5.865261 
7.477835  	-24.598414 
1.770080  	-19.592519 
21.586456  	-0.157861 
-0.751605  	19.350325 
-14.497978  	-18.622799 
-3.596828  	-14.630886 
22.163801  	-6.145398 
-7.403361  	-28.638964 
20.446440  	-15.327853 
4.007563  	26.850315 
7.999932  	24.959990 
-17.539688  	22.502430 
14.580125  	-1.555619 
-7.456518  	17.303189 
22.406194  	-9.846953 
-13.435126  	1.223676 
-16.565248  	7.588977 
12.950805  	-24.622685 
-22.766627  	0.825037 
-13.941784  	9.034748 
12.579282  	-25.035208 
-13.133873  	13.171992 
-21.167779  	13.450841 
1.627843  	-11.547733 
4.685451  	-29.581186 
-3.454750  	12.331452 
5.359688  	16.163965 
16.381504  	-14.375199 
-19.482850  	20.406336 
-17.335068  	-13.285158 
-11.867292  	16.067588 
16.234983  	-2.103650 
-14.862894  	-11.139766 
3.957989  	28.077292 
-2.364232  	25.988659 
-27.527641  	9.603592 
-7.569027  	15.090057 
13.860641  	22.133292 
20.385596  	15.278333 
-14.064718  	-10.207042 
-9.950611  	-19.646510 
-13.394875  	-12.106912 
-16.837900  	15.214635 
0.061412  	21.118623 
-8.853429  	-3.552013 
-13.297726  	-9.389914 
-27.549940  	2.000202 
14.981809  	-20.138158 
16.345499  	23.039633 
-12.998978  	0.163002 
-11.876718  	-7.207188 
-22.823020  	18.030800 
2.117234  	1.586606 
1.980727  	-0.276986 
5.743379  	0.116627 
-4.050501  	-17.821151 
25.017112  	-12.047576 
-14.511561  	12.822425 
9.180656  	16.239321 
-26.907217  	-7.211217 
5.151322  	-1.569675 
2.998984  	27.203053 
-7.778942  	5.146655 
17.601104  	20.837493 
8.109874  	-25.124290 
-2.183014  	26.518568 
-9.924557  	-10.559506 
28.220167  	1.903201 
-18.710196  	19.695903 
-12.636233  	-4.508393 
6.643222  	-16.996106 
8.141002  	-22.621319 
-15.124517  	3.041213 
-24.842659  	7.059906 
-5.932296  	2.192685 
27.469468  	4.840283 
-29.162950  	1.588193 
-3.437158  	25.420188 
-2.551633  	5.611521 
-7.471534  	-11.626529 
-23.347151  	-17.056100 
-17.697032  	-16.547358 
10.305856  	15.387961 
-16.059836  	-8.005102 
-2.588112  	0.549253 
-16.199710  	18.209047 
-13.755043  	-13.446144 
22.268521  	-0.336086 
4.970094  	-15.501554 
24.431857  	-17.207102 
14.379951  	-1.103186 
-0.611519  	-1.620508 
-14.585427  	1.124862 
20.644071  	16.242608 
-2.814322  	8.004973 
-26.375348  	-4.042402 
-20.598144  	-1.927818 
-6.737794  	-22.596507 
21.525865  	16.930362 
11.682333  	15.701054 
7.388430  	26.084691 
-17.447155  	-13.949795 
-1.982255  	-14.665288 
-6.562297  	-22.559616 
-11.252148  	10.741935 
-27.494672  	7.748744 
13.947949  	-6.438534 
-5.166708  	27.898120 
16.150995  	-2.036018 
-6.918021  	23.003065 
27.699016  	-5.363255 
-23.927908  	-6.592058 
-2.258008  	25.940343 
-11.397822  	-20.447241 
-15.560518  	11.741817 
-2.723792  	14.885596 
-10.726996  	6.077134 
-9.763232  	16.052392 
14.117064  	-4.439427 
22.086870  	7.222894 
23.201168  	4.765062 
16.783372  	-2.078086 
26.208955  	7.354636 
18.346367  	-2.900143 
18.307608  	13.668631 
10.180111  	-7.373286 
17.488390  	11.231929 
-11.765085  	-4.752133 
16.509448  	17.100823 
9.022489  	1.262810 
12.340074  	-12.438753 
26.714318  	8.680164 
-7.172708  	-26.562234 
-16.125756  	-18.840382 
-21.038612  	-18.745048 
3.975777  	-13.718353 
-24.308423  	11.836409 
-21.001975  	-17.830228 
6.931932  	5.826518 
22.018224  	-1.788240 
-11.693670  	22.254394 
14.768654  	22.223565 
27.236845  	0.392789 
10.735791  	-18.404967 
23.237139  	-1.017534 
-2.686361  	11.436060 
8.130806  	12.078493 
2.946902  	-4.507301 
20.412700  	0.567161 
-11.735920  	20.476039 
8.197324  	27.799350 
8.554901  	-15.518172 
-1.385090  	-28.197190 
-10.092014  	-16.647860 
5.670572  	-8.534906 
16.467696  	22.266903 
-14.997914  	-22.870561 
23.972047  	0.583929 
-3.420921  	-20.156818 
13.161128  	8.233148 
20.772933  	-13.582534 
8.988588  	1.097857 
-10.990595  	2.864755 
16.760401  	3.753527 
16.342810  	3.729956 
-21.456938  	4.538701 
15.561031  	-12.282276 
21.695812  	-20.255659 
-13.462975  	4.329933 
6.825906  	7.308010 
12.629392  	-18.096918 
-20.891638  	-6.598443 
12.617657  	22.311314 
13.883310  	17.839667 
22.484382  	12.823906 
7.292280  	19.540283 
-28.706423  	6.240296 
-10.522248  	-9.342500 
21.425429  	-20.419377 
5.119793  	14.689715 
-7.761542  	-25.094989 
22.759305  	-6.481822 
-21.867131  	3.718679 
7.075896  	-11.442539 
22.897583  	-2.949697 
-19.233456  	-2.659733 
1.444784  	-18.571823 
-25.836666  	-9.136010 
15.788798  	19.614124 
-15.076182  	-16.961979 
11.853364  	12.429713 
-8.277974  	2.911211 
19.200740  	14.083025 
11.305898  	1.084743 
5.938699  	11.213022 
24.695361  	14.111668 
-11.935599  	13.510791 
-5.006788  	16.429610 
-2.577979  	-6.029430 
17.637612  	18.517955 
5.203186  	-8.362228 
11.762950  	24.241143 
13.663798  	10.114377 
-26.060837  	-0.912574 
-6.600126  	4.943514 
6.755032  	-10.216141 
7.793192  	-8.559565 
20.551048  	-19.148222 
10.989039  	9.759150 
9.562855  	-14.918170 
13.992138  	-15.238769 
20.810631  	17.375777 
-10.199979  	23.621186 
-10.841939  	-2.110063 
6.377261  	-6.732796 
-4.206062  	-25.948199 
-18.488937  	0.399029 
-26.637160  	10.510076 
-11.168244  	-8.016878 
19.300467  	8.688611 
7.514359  	-17.162005 
-4.295118  	1.597487 
8.634437  	-21.597372 
-14.411494  	21.524610 
-8.088775  	-6.524701 
-3.222258  	14.615644 
18.427164  	23.311792 
-11.324526  	20.994169 
-10.432035  	-20.473706 
16.857760  	-15.060410 
-17.238716  	4.671903 
4.468510  	-6.784719 
20.063255  	20.431980 
-0.673964  	17.133178 
24.839630  	5.999396 
-0.031770  	-11.090491 
-15.778110  	-1.025303 
-16.875963  	2.683627 
-25.018963  	-2.655463 
6.529280  	-3.060801 
-0.309675  	5.822723 
12.342799  	-20.920213 
-2.058350  	-2.400666 
24.058596  	12.254956 
-28.756971  	-1.742582 
26.132954  	12.925507 
-27.027921  	-4.742517 
1.657464  	4.031478 
13.472341  	-2.548732 
-12.712076  	-1.844757 
-23.653805  	6.363765 
-10.292040  	23.750240 
2.627100  	-20.052390 
-1.160472  	-27.814624 
-14.606375  	-18.564854 
-19.685352  	3.672452 
-3.563735  	-11.502165 
23.998364  	-16.645677 
-23.011034  	-0.701662 
10.954440  	0.015395 
4.749203  	13.245568 
-3.957870  	-6.807001 
-14.822398  	-8.960832 
11.387007  	-8.563648 
1.831414  	-2.940395 
20.568628  	-18.464332 
-10.209246  	27.217114 
2.397043  	-25.164542 
23.760009  	7.311768 
19.904940  	-14.484246 
10.378928  	-15.788536 
18.436673  	-4.592287 
21.026652  	-14.418042 
-16.846261  	0.451090 
-6.767378  	26.929586 
-29.097331  	-4.727082 
-22.226132  	-14.422172 
-5.477084  	-11.575904 
-12.788074  	-20.160981 
19.317229  	-11.218050 
24.941906  	-2.810933 
21.066163  	-14.636146 
7.788471  	-27.465246 
-15.198217  	-8.186220 
29.388012  	0.587130 
13.140878  	14.082518 
11.799900  	12.835979 
10.322108  	-22.659525 
15.828999  	-4.294507 
-6.344902  	-17.909277 
-8.928299  	19.577678 
-14.643190  	-25.972620 
-18.094408  	9.979598 
22.170065  	8.514002 
-23.208889  	16.743580 
-5.416601  	-20.289417 
-22.965542  	17.366170 
-2.608079  	-23.242158 
-1.251924  	5.043083 
-7.676184  	16.311842 
-10.921648  	2.172005 
2.057953  	-3.970495 
3.308572  	-9.698111 
-0.614057  	21.014827 
28.537930  	-2.141629 
12.638580  	-2.065504 
15.963203  	-18.389566 
-21.390409  	8.686218 
8.241003  	4.699561 
-17.469578  	24.100079 
-16.579960  	-19.927492 
-8.393528  	15.380139 
-13.644750  	23.212514 
4.887807  	-15.495462 
6.258707  	1.681842 
-16.465524  	1.971422 
-7.966717  	2.351897 
-8.418777  	-9.171924 
-23.160883  	15.542635 
10.689723  	12.717304 
-3.169454  	25.454952 
15.391694  	16.855140 
-0.417518  	-6.620097 
-18.346016  	-10.973772 
-5.873729  	3.535436 
2.622595  	-19.186506 
-9.464358  	-10.267713 
26.419241  	-4.474784 
-12.156068  	-3.637308 
7.968850  	27.468117 
16.630678  	-4.052227 
12.014193  	-15.154510 
14.396427  	7.123405 
-8.892617  	10.813019 
-15.099640  	-0.029576 
11.141455  	-1.366742 
8.569282  	-9.516691 
-1.029027  	-17.086284 
7.060201  	-3.762122 
-2.549816  	-22.214825 
