31.993035  	24.150948 
39.419485  	16.904191 
19.076632  	10.913454 
20.130843  	19.323350 
34.862763  	22.638751 
39.483918  	12.555195 
39.168199  	17.688866 
19.084685  	9.794465 
20.315978  	7.551142 
20.784619  	19.788568 
39.431200  	12.909100 
34.784895  	22.457836 
24.003874  	4.724294 
18.958709  	13.584704 
38.659544  	16.773665 
27.693334  	3.690169 
21.222987  	21.714795 
22.818948  	5.705749 
35.067970  	22.612766 
39.115648  	12.083320 
23.907337  	4.404961 
39.669680  	12.222946 
21.897840  	22.280056 
29.547522  	3.105037 
28.155629  	3.262820 
19.426042  	9.717556 
18.738543  	13.161843 
22.396797  	22.270291 
20.093267  	18.546439 
38.810810  	11.402307 
18.927591  	17.813998 
18.201426  	15.179319 
19.132738  	10.895624 
38.075024  	18.317863 
38.999995  	14.009644 
39.196932  	14.150235 
32.600281  	4.048218 
18.083245  	13.092001 
39.719077  	13.681590 
21.191489  	21.212985 
27.602342  	3.947809 
25.037940  	4.550022 
18.405188  	11.216126 
37.884762  	7.750120 
33.940299  	4.377451 
19.931447  	20.063114 
37.691369  	8.954199 
31.303603  	4.116002 
34.802269  	22.144549 
23.530102  	4.995544 
18.490572  	11.075632 
37.578310  	20.435262 
34.098277  	22.944695 
24.894026  	4.665067 
36.492374  	6.798311 
27.784881  	24.321022 
18.773832  	17.070095 
34.084374  	23.651380 
20.940154  	20.785196 
19.442753  	18.864055 
26.536093  	23.895916 
38.388475  	17.443334 
20.963395  	7.802179 
33.367131  	5.003992 
23.017443  	23.176547 
19.057651  	12.927759 
37.286477  	20.506481 
38.907758  	15.684144 
29.183457  	24.196389 
30.386723  	24.586643 
39.347495  	11.564973 
33.418065  	4.025999 
18.434084  	16.088400 
18.615772  	14.409640 
28.308787  	24.026077 
26.876167  	3.584179 
36.732853  	7.129557 
38.697036  	10.540594 
31.543399  	24.272834 
22.309967  	6.434059 
39.416502  	17.081638 
36.804430  	6.852212 
28.808592  	24.768629 
19.267831  	10.952888 
37.315229  	7.686762 
20.885457  	6.709308 
32.073394  	24.370837 
20.042384  	20.305642 
34.221004  	5.354705 
35.670690  	21.449959 
21.026900  	21.030625 
37.472116  	7.817504 
34.870024  	22.095852 
18.923783  	11.661227 
39.183374  	11.119221 
18.977483  	14.741055 
29.141453  	24.391342 
38.450096  	10.166506 
36.079819  	6.592155 
24.612863  	4.112987 
38.264575  	26.895408 
25.060237  	19.784434 
19.197293  	24.567473 
37.337654  	25.120633 
33.494911  	21.408961 
36.396417  	35.700892 
37.035940  	25.600934 
38.297446  	27.361324 
17.852029  	33.466798 
34.941736  	38.050609 
38.088782  	29.534718 
18.197499  	34.232137 
19.263016  	23.468146 
19.191133  	24.670473 
38.898910  	30.462332 
38.674220  	32.015197 
18.458153  	26.845138 
22.859416  	39.517058 
26.055750  	40.498566 
32.342163  	20.991913 
31.693398  	39.917601 
26.117646  	19.927426 
30.294621  	40.185024 
28.464540  	40.285145 
17.783093  	33.258037 
22.470625  	21.607979 
23.187612  	39.265038 
22.464959  	39.400177 
36.822282  	35.845283 
35.343572  	22.923846 
35.390938  	23.044855 
18.810751  	24.846582 
18.003083  	26.674096 
38.315660  	27.636285 
18.101859  	34.475131 
22.315341  	20.689541 
17.951258  	33.165879 
27.289736  	40.559144 
38.098355  	28.577600 
18.515076  	24.996380 
20.366399  	36.687910 
26.842905  	19.106831 
29.203839  	19.873265 
17.359626  	27.595330 
30.461282  	40.674366 
17.575183  	32.307206 
22.344618  	20.671728 
37.040617  	35.853822 
29.707883  	19.797886 
20.020307  	22.629485 
20.026857  	37.101337 
17.259512  	31.281377 
29.289951  	40.645939 
22.100105  	39.175579 
17.392646  	28.781791 
38.270463  	29.280566 
30.154574  	40.646963 
23.760598  	20.200639 
26.076084  	39.864003 
34.536772  	21.266695 
36.364785  	36.930395 
30.244129  	19.324613 
26.996613  	19.851443 
21.158843  	22.113393 
38.337285  	26.515671 
18.507653  	34.346878 
36.667131  	35.184674 
27.391534  	40.518069 
34.964999  	21.664006 
37.779861  	32.711883 
18.708615  	35.538065 
28.096337  	19.370291 
17.281940  	30.350982 
37.122043  	34.334551 
20.572583  	23.229958 
37.782540  	33.647177 
36.175198  	36.013829 
35.305988  	37.044327 
38.009880  	25.550021 
29.374721  	40.635325 
23.740798  	20.107619 
37.336701  	35.729399 
20.448551  	36.555579 
21.015079  	37.430402 
23.296606  	20.951349 
27.713311  	19.954214 
26.287014  	40.491219 
35.419166  	36.852443 
17.377903  	28.526549 
23.039884  	39.132210 
33.584298  	39.100309 
24.906343  	19.587061 
37.762508  	32.587169 
23.827032  	39.197083 
26.634073  	19.993290 
31.131200  	20.398147 
35.366342  	36.836447 
38.501567  	27.047528 
38.434686  	26.819226 
34.282663  	38.032941 
40.466874  	45.201892 
30.335369  	33.661358 
27.776724  	34.047260 
40.088623  	46.493930 
20.762501  	49.066420 
40.434952  	46.666790 
22.435912  	37.307872 
19.674371  	43.382438 
19.429468  	46.294310 
19.923621  	41.267494 
23.960523  	35.967272 
19.648656  	44.921785 
38.267625  	38.029541 
39.430478  	49.391297 
34.871329  	34.498939 
20.529548  	40.217072 
38.673229  	37.935752 
39.494413  	47.443272 
23.296567  	35.336053 
23.585453  	36.328391 
39.543067  	48.891816 
38.672690  	38.728904 
25.454528  	34.981204 
34.171018  	34.747832 
39.346847  	39.800423 
36.242347  	35.935689 
40.197970  	43.962423 
38.252648  	38.008856 
31.629461  	33.447993 
40.487478  	46.452104 
40.191360  	45.770925 
21.655438  	38.223471 
20.875773  	38.190656 
20.093721  	42.033880 
39.915953  	47.110285 
38.726946  	38.446585 
37.690916  	36.939560 
34.328675  	34.188651 
30.980903  	33.321150 
21.883800  	36.642874 
35.967895  	35.791210 
20.583182  	49.032249 
29.598060  	33.424630 
20.491548  	39.926998 
24.824333  	35.385334 
25.000139  	34.999923 
19.561762  	42.570598 
36.716628  	35.404251 
39.612868  	48.073421 
36.697859  	36.054014 
20.330315  	47.390750 
39.618581  	46.735488 
26.136935  	33.798200 
27.195302  	34.401371 
22.020195  	37.729217 
40.003233  	46.221561 
40.239857  	43.618773 
34.954704  	34.542151 
40.925762  	43.207709 
21.434953  	38.200003 
19.910706  	42.901753 
21.751211  	49.912485 
39.662947  	49.062356 
40.041036  	39.977862 
38.346679  	49.944152 
19.498001  	44.841434 
38.564491  	37.317972 
26.764770  	33.727060 
31.057233  	33.710089 
30.560797  	36.339735 
16.830675  	42.904064 
16.535008  	46.695654 
18.491011  	40.746705 
17.327447  	49.231364 
16.905177  	44.953790 
17.735528  	40.507317 
30.300780  	36.507642 
36.006301  	39.844795 
24.503902  	36.162851 
36.927020  	41.704155 
16.435639  	45.372082 
36.664568  	48.568294 
37.404671  	49.121348 
19.826403  	38.961570 
29.990794  	35.897765 
17.176214  	48.737376 
37.411112  	44.731639 
36.980189  	44.157220 
21.944608  	36.756461 
20.355846  	37.523254 
18.647990  	40.148169 
30.966940  	36.394617 
22.939913  	36.329649 
35.747690  	40.389481 
19.029986  	39.330752 
28.064002  	35.907037 
25.750295  	35.928345 
29.155250  	35.400241 
20.161166  	38.239179 
36.434208  	49.999465 
16.695071  	44.324161 
37.108360  	47.954754 
31.820695  	36.473148 
36.810919  	41.670351 
32.337674  	36.861661 
36.906828  	42.860770 
33.515998  	38.414370 
16.655922  	46.007175 
20.704776  	38.039463 
36.268728  	42.246244 
16.987626  	47.659024 
37.862689  	46.044466 
37.148707  	46.061141 
36.048442  	41.403730 
34.084071  	38.941960 
32.952756  	37.249874 
31.194039  	35.880216 
21.800778  	36.567710 
23.620595  	35.921328 
16.559729  	46.027038 
18.852253  	40.116615 
37.487654  	46.095458 
37.592990  	44.662630 
34.702808  	38.952536 
22.574815  	36.029155 
22.362353  	36.382712 
17.199762  	43.362705 
37.258654  	47.326659 
28.678118  	35.842051 
19.087446  	39.803914 
35.914808  	40.566198 
36.969415  	42.742584 
17.885542  	40.621649 
16.874194  	46.684145 
47.744058  	28.398373 
33.421164  	19.743688 
30.910553  	22.067873 
47.386332  	28.232483 
29.633875  	23.090572 
27.761585  	24.935250 
27.334353  	24.844879 
41.468421  	20.251502 
35.834697  	40.518653 
26.652379  	26.404621 
30.065062  	22.324934 
37.926601  	40.302495 
36.305683  	40.840568 
43.051508  	21.791513 
32.698086  	20.227921 
41.424038  	39.613942 
38.081487  	40.479999 
30.194140  	22.605389 
47.630245  	27.764402 
32.083420  	39.210171 
30.654846  	38.816973 
33.448859  	40.118765 
31.764786  	20.481989 
26.189995  	29.620807 
39.145242  	40.168478 
28.164515  	24.528784 
46.172861  	34.567123 
38.601817  	39.921400 
40.793432  	20.586718 
45.052696  	23.987172 
41.608412  	39.474309 
39.596575  	40.452645 
26.565537  	27.525736 
42.014066  	38.652118 
37.955776  	19.507789 
37.533441  	19.865137 
26.425495  	31.086211 
38.262943  	40.459683 
34.535098  	20.257092 
46.224679  	24.351523 
32.523998  	20.102253 
27.056856  	27.966803 
44.106472  	21.845366 
47.020808  	29.236187 
41.612903  	39.312418 
28.526018  	36.722471 
42.449719  	39.071966 
47.333239  	26.503693 
31.234587  	20.957876 
38.838648  	39.980950 
27.363752  	25.086476 
30.724224  	38.866489 
47.073697  	32.742376 
27.889363  	35.195796 
30.282587  	22.524951 
45.058055  	23.670091 
26.937444  	30.863112 
42.201099  	20.892390 
47.212942  	28.358108 
43.136378  	21.319858 
27.074598  	26.193901 
47.153174  	30.955544 
29.252005  	22.860772 
27.648769  	25.357321 
37.637889  	19.436237 
35.629024  	40.822219 
40.588455  	39.598072 
31.423260  	20.731777 
36.394351  	19.968390 
44.199422  	37.427538 
35.084876  	19.214255 
47.055062  	27.571890 
27.886910  	34.236931 
46.413348  	26.340917 
40.260099  	20.388977 
47.189152  	31.476881 
38.132922  	39.985814 
46.470485  	34.160519 
26.963380  	26.795898 
37.506451  	40.428016 
26.702953  	33.459889 
41.133933  	39.844318 
47.857460  	30.339939 
47.030171  	28.452205 
37.250043  	19.903591 
47.158345  	31.344626 
26.940150  	25.901290 
39.232461  	40.630904 
37.536587  	40.134697 
46.767724  	32.142796 
43.316402  	21.333797 
37.578189  	40.939182 
32.354417  	38.911709 
43.974868  	38.145625 
46.810494  	25.126170 
37.607519  	19.968504 
41.201339  	39.764668 
41.409302  	39.672541 
26.541085  	32.571207 
39.553910  	20.076415 
14.163790  	40.643155 
8.690348  	41.376199 
8.089999  	20.923696 
5.534124  	40.440561 
6.474331  	21.806616 
11.516961  	20.103544 
18.561533  	24.304986 
19.557797  	36.635965 
6.953801  	21.800637 
7.438134  	40.450561 
11.710326  	41.222301 
9.241352  	41.387837 
17.771412  	38.690772 
15.520692  	40.463791 
12.627264  	41.740205 
8.497326  	20.382250 
21.200948  	29.285162 
0.531770  	29.809972 
15.240430  	40.274630 
20.447822  	27.573827 
7.416469  	20.992088 
0.417125  	28.549949 
19.735977  	24.943375 
4.419716  	23.470069 
3.052570  	38.405293 
12.713326  	41.538715 
11.216373  	41.390052 
19.098285  	37.886057 
5.653385  	40.455882 
0.726463  	30.325874 
20.809381  	35.876069 
2.332143  	36.555921 
17.523322  	39.273226 
16.772197  	39.525359 
21.486516  	34.167488 
18.049086  	38.570363 
14.696055  	21.390672 
0.980646  	32.616338 
16.001529  	39.887334 
20.113876  	35.892572 
20.823566  	27.326100 
14.302240  	21.351414 
2.842047  	24.039555 
21.908527  	31.063479 
0.159830  	31.700503 
20.760620  	28.045293 
19.932349  	37.262039 
19.797879  	36.796320 
10.459547  	20.058889 
9.422257  	20.487592 
18.622433  	23.390893 
4.493954  	22.834747 
5.429599  	40.325805 
8.993178  	41.294303 
0.217570  	31.859774 
11.653429  	20.437186 
5.601039  	21.573907 
1.735241  	36.758840 
15.974201  	22.267456 
5.128292  	40.193642 
6.775525  	21.348378 
21.048813  	28.994669 
15.747312  	39.857936 
7.217683  	20.866191 
1.034147  	33.946487 
0.974764  	27.760456 
8.748617  	20.659242 
17.845000  	38.946444 
0.565562  	27.664959 
17.567173  	39.298930 
7.829393  	40.588913 
19.827847  	36.298030 
3.418397  	38.649791 
18.564645  	24.234193 
6.693488  	40.972660 
0.681929  	28.646830 
18.568648  	23.535714 
1.871411  	26.345017 
21.789961  	30.240568 
14.793956  	21.324986 
3.345748  	38.577098 
19.299602  	23.850412 
8.647531  	40.770665 
5.326282  	22.293168 
0.504510  	30.080928 
6.935162  	21.280067 
21.049411  	34.318034 
1.372723  	36.129867 
18.671419  	37.644496 
21.241391  	32.055423 
6.092779  	40.215161 
1.423580  	35.504684 
1.514274  	34.165596 
9.199005  	41.476470 
12.288690  	41.786069 
14.039717  	21.265519 
12.335992  	20.742558 
19.766348  	25.886181 
21.130792  	27.780210 
1.292810  	35.875497 
28.057669  	31.077672 
16.360629  	46.367763 
13.073876  	28.812888 
29.396360  	31.831981 
11.534017  	42.597064 
24.552959  	46.963461 
23.604809  	46.950143 
28.769925  	42.107681 
10.090353  	41.218875 
24.566212  	27.194404 
21.741681  	47.294005 
24.707393  	46.891433 
25.149944  	28.369932 
22.876239  	26.864555 
16.383444  	27.623406 
10.318279  	33.643771 
11.611928  	30.025744 
21.580959  	47.559383 
16.665450  	27.466859 
30.267843  	33.316061 
29.520942  	41.043720 
12.141753  	30.735182 
10.217274  	39.701531 
18.505894  	47.381120 
10.035975  	32.448274 
28.183831  	43.326525 
10.122388  	38.852779 
9.384945  	34.921392 
30.168561  	39.366510 
19.481218  	47.757828 
21.221694  	47.271683 
12.297187  	44.527727 
22.131692  	27.027243 
27.402904  	29.915015 
29.002043  	41.791995 
13.614831  	28.739878 
13.040407  	28.540445 
19.083152  	26.794149 
9.711691  	34.325919 
25.461330  	46.282989 
24.251094  	46.639927 
23.726020  	46.803916 
30.274632  	34.463874 
25.844713  	45.822660 
13.924937  	28.334343 
28.940437  	31.608471 
14.635052  	28.212661 
28.348016  	31.228464 
25.715341  	46.073857 
10.702625  	42.344046 
12.998533  	29.860010 
14.653056  	46.022759 
23.280965  	46.603919 
21.724793  	26.463156 
20.141483  	26.512866 
12.755068  	28.783495 
24.826717  	27.476198 
28.910568  	32.039982 
18.806589  	47.467845 
14.040726  	28.907593 
22.041477  	47.622258 
27.779492  	29.418476 
30.660675  	36.408381 
14.413099  	27.956409 
18.388545  	27.029884 
20.872458  	26.172312 
10.831910  	41.236287 
9.378401  	34.723680 
29.757365  	40.576846 
30.669696  	37.396971 
30.266977  	33.180422 
13.649884  	45.641529 
21.900521  	47.601322 
30.299223  	34.780542 
30.019146  	41.076361 
9.906797  	37.356719 
9.673062  	37.595272 
11.452788  	31.173753 
10.530043  	40.364509 
21.898092  	47.507009 
9.526642  	39.703473 
23.728872  	46.491866 
28.303684  	43.086776 
9.749547  	38.388601 
17.152035  	26.709757 
10.231822  	33.052507 
10.236245  	32.565014 
19.333372  	26.296935 
24.755833  	28.090339 
10.386614  	41.072200 
22.384550  	26.884966 
29.925122  	40.806831 
30.568244  	34.295887 
30.619055  	36.514550 
12.605520  	44.894407 
10.571789  	40.479774 
30.516492  	36.364868 
30.428764  	39.289296 
30.036233  	38.809425 
30.245622  	34.757850 
28.277200  	46.932832 
47.523229  	46.912559 
46.884442  	48.202565 
48.676984  	42.955092 
28.105738  	44.450372 
48.187790  	42.542911 
28.432412  	47.057247 
27.948839  	46.158188 
29.899130  	49.955279 
27.575019  	46.364487 
27.605196  	45.991330 
33.937177  	33.753732 
35.884229  	32.630645 
39.944100  	32.219440 
29.831326  	37.145705 
28.907535  	47.618126 
31.476500  	34.256777 
31.383408  	35.304501 
27.431004  	41.484637 
27.688757  	39.301586 
28.073130  	44.859366 
48.081673  	41.833865 
48.154783  	40.790842 
42.706183  	33.158666 
47.074730  	37.741742 
43.485857  	33.785589 
30.895411  	35.821921 
42.983038  	33.295912 
48.168075  	41.731046 
27.562567  	42.755057 
28.826622  	37.818384 
47.179099  	48.808971 
28.034357  	41.701551 
28.830606  	47.891034 
47.979220  	44.189607 
28.167104  	38.720495 
45.062410  	35.442066 
27.139274  	43.211280 
29.736416  	36.940860 
45.699126  	49.761912 
42.765900  	33.289892 
30.980054  	34.831747 
47.138357  	48.957385 
36.406917  	32.489906 
35.285251  	33.018510 
31.380479  	35.242297 
46.292564  	36.657021 
48.082209  	38.834780 
29.970099  	49.893525 
48.578820  	44.043343 
47.568230  	39.616368 
27.928920  	44.604163 
48.142593  	46.021228 
45.775860  	36.178270 
47.066894  	37.186961 
28.544271  	48.346887 
34.057862  	32.877770 
37.022933  	32.848875 
34.730416  	33.496852 
47.852841  	47.574006 
47.794225  	47.803453 
30.528991  	36.278093 
45.461571  	36.342300 
44.051534  	34.203470 
36.699102  	32.592903 
46.300108  	48.925219 
47.734341  	39.095823 
46.836689  	37.812234 
45.566393  	49.837375 
46.397454  	36.330459 
47.607549  	39.436996 
47.282500  	39.280430 
47.334349  	39.412533 
35.440267  	32.586174 
44.440165  	34.425370 
38.907415  	14.034633 
41.858552  	4.583821 
41.021247  	5.493119 
38.277362  	13.012444 
40.928954  	5.686664 
45.554632  	2.297967 
38.337312  	14.075350 
39.292732  	7.228318 
48.376214  	22.658841 
40.603404  	5.329379 
42.424684  	20.761576 
41.706745  	19.861834 
44.609387  	2.633970 
40.589760  	17.680481 
46.074665  	21.718149 
43.028449  	20.206131 
40.625341  	17.464896 
45.337634  	1.920959 
42.559354  	3.967685 
43.341038  	20.998675 
44.010196  	3.219234 
44.896773  	22.008173 
38.655891  	13.414003 
38.840784  	15.284863 
38.786485  	11.172892 
48.086025  	22.206108 
40.082321  	7.052779 
39.856902  	7.162258 
39.443545  	17.066968 
44.182462  	21.528448 
42.852707  	2.932984 
39.775391  	15.988307 
40.360505  	6.865886 
49.714156  	22.931147 
39.841706  	7.296210 
41.677452  	4.229524 
49.380956  	22.576146 
49.995020  	1.182887 
45.076551  	21.413105 
43.206697  	20.212042 
42.211208  	20.538870 
42.391848  	3.794372 
38.489965  	14.130530 
39.258455  	8.982999 
41.937017  	19.881261 
40.786851  	18.895229 
44.633979  	2.729732 
41.811463  	20.020283 
42.428085  	3.887668 
40.743815  	18.916314 
38.935269  	13.304298 
38.845938  	14.625840 
44.199919  	20.941992 
42.932117  	3.445422 
44.968206  	21.367211 
42.571922  	4.020037 
43.943367  	2.865972 
46.332804  	1.517345 
45.557459  	22.205337 
39.420223  	40.503162 
48.838855  	33.951416 
39.154294  	48.697029 
39.175432  	42.135096 
45.032443  	34.658775 
39.268644  	47.209471 
39.729169  	48.695924 
39.385941  	48.535403 
39.872345  	38.026231 
46.833480  	34.186428 
38.323567  	44.117394 
38.131911  	43.059445 
39.061591  	41.131547 
40.003762  	48.366657 
43.733705  	34.446669 
42.320204  	36.359298 
38.995764  	44.956697 
40.059341  	49.391160 
44.817734  	34.125353 
48.130003  	33.596005 
46.654376  	33.728776 
39.860025  	48.632587 
47.673392  	33.644320 
38.751320  	43.017886 
44.969336  	34.062508 
38.337648  	45.820509 
39.506031  	47.983033 
47.502938  	33.194501 
40.458813  	49.920146 
48.376264  	33.969499 
44.611276  	34.526927 
41.269567  	37.199971 
41.278557  	36.229587 
39.698065  	48.412936 
41.167984  	36.674734 
38.606508  	42.275089 
28.164199  	36.706848 
11.827673  	34.413319 
9.488768  	36.946639 
23.413077  	32.485550 
9.983026  	47.068943 
28.920801  	46.310186 
28.628258  	39.298771 
10.851889  	48.753391 
13.992632  	33.286432 
26.181270  	34.554911 
29.807336  	41.551125 
12.220351  	33.873724 
27.752819  	36.135857 
8.412482  	39.785396 
29.357439  	45.423954 
24.751872  	33.519671 
10.681234  	35.933854 
24.179800  	33.446073 
26.037782  	34.353457 
12.288301  	49.612693 
19.867516  	32.037700 
28.760685  	45.119138 
15.971285  	31.520168 
10.125149  	47.851241 
18.465014  	32.014321 
24.767150  	33.471227 
8.402745  	40.076933 
27.881775  	47.577999 
29.760109  	43.104557 
8.070154  	41.266193 
8.470708  	43.460826 
14.071440  	32.475857 
29.176766  	46.053818 
27.209716  	35.550150 
26.690356  	48.917978 
27.629896  	36.296940 
9.581259  	46.825694 
25.879299  	49.979677 
28.826454  	38.199895 
25.283765  	33.139171 
14.050499  	32.592427 
24.093795  	32.777568 
8.555096  	40.620152 
10.580737  	47.754652 
28.174247  	36.183369 
8.756558  	39.158891 
12.258562  	34.154427 
8.358859  	43.328956 
27.268936  	35.626249 
28.804012  	37.113146 
27.187395  	35.369271 
22.169321  	32.462946 
21.669259  	31.470278 
27.615439  	35.773106 
24.664292  	32.949266 
8.339053  	41.413299 
24.858241  	33.358182 
28.528926  	47.118551 
28.412413  	38.477717 
16.221657  	32.341801 
26.760309  	49.535091 
13.248175  	32.677098 
12.153208  	34.442127 
8.998736  	38.003160 
26.196396  	34.637128 
29.361618  	43.279402 
9.823050  	36.187635 
27.813127  	46.932423 
27.838858  	35.765050 
13.449630  	32.608866 
8.980390  	38.593035 
29.537064  	39.770587 
14.750430  	32.783647 
29.768184  	43.022845 
8.771710  	40.456603 
29.244829  	41.791490 
9.656421  	38.166265 
13.912145  	32.454649 
28.119315  	47.642526 
26.587237  	34.487754 
27.412124  	36.322309 
28.600713  	46.222121 
16.656348  	31.924917 
25.704359  	49.940502 
2.530365  	4.309498 
15.811924  	4.025184 
8.012203  	22.584151 
14.902254  	21.174061 
9.266268  	22.579655 
2.402438  	3.725208 
7.351157  	21.913693 
19.809684  	11.611752 
17.707368  	18.179137 
15.393570  	20.192818 
18.987185  	15.202520 
5.983582  	2.413488 
7.935760  	1.282379 
19.567292  	11.423516 
5.187602  	21.615905 
1.359640  	19.591107 
15.188204  	20.927829 
4.153800  	21.773144 
15.621824  	20.194599 
16.696908  	5.017335 
8.302774  	1.728005 
7.414290  	2.126524 
0.254070  	17.050615 
7.424139  	1.159490 
6.557822  	22.345809 
4.605220  	2.689473 
14.167195  	2.818492 
16.470775  	4.775907 
0.764245  	18.096912 
5.968669  	21.529482 
18.395430  	16.767168 
18.902386  	16.465731 
1.282032  	18.358692 
10.300768  	22.691492 
8.729521  	1.373296 
18.338500  	7.551134 
13.800101  	3.058019 
19.435176  	12.327260 
18.683291  	15.637840 
7.494982  	1.963321 
19.041675  	9.142593 
15.870734  	19.732595 
19.192810  	14.847214 
3.100409  	20.197245 
18.067361  	17.270955 
16.803400  	5.434412 
19.581700  	14.650967 
12.153754  	1.701756 
19.256097  	8.867512 
19.054501  	12.952374 
11.699596  	1.478014 
2.897164  	19.921830 
19.921040  	12.854914 
9.211295  	1.514040 
18.819758  	16.191938 
3.564229  	20.452952 
18.971205  	10.395296 
5.966405  	21.684901 
16.049699  	19.231994 
12.078928  	2.074266 
3.368246  	21.342556 
3.671502  	20.637541 
18.190122  	17.248015 
9.901154  	22.158146 
19.494703  	12.928011 
14.062186  	20.681836 
9.837034  	1.308911 
15.632769  	19.681561 
13.392918  	21.257552 
19.488023  	12.036966 
17.013885  	18.912138 
14.905993  	20.069650 
17.629875  	17.052254 
1.576826  	19.739282 
5.243263  	2.519128 
6.003205  	21.900466 
16.812328  	5.002319 
13.118616  	2.887536 
10.246372  	1.395918 
15.661353  	19.976614 
18.730170  	8.786934 
14.990777  	2.883499 
32.363905  	27.070350 
27.966587  	27.670765 
40.449974  	20.130183 
24.814070  	7.938757 
19.515199  	16.737439 
22.269034  	23.650727 
19.828485  	21.066974 
22.669245  	8.983765 
28.399488  	27.268318 
21.783945  	23.518929 
34.078622  	26.765493 
38.751187  	22.236099 
38.923644  	21.513157 
39.643424  	12.203713 
19.694877  	17.896904 
23.283091  	24.802764 
38.742302  	22.438028 
39.724241  	14.667805 
31.422873  	6.230811 
32.075137  	6.915665 
23.136851  	25.479221 
37.569923  	24.049558 
20.387760  	22.157988 
19.761401  	18.473461 
38.622511  	10.702992 
21.481353  	22.332228 
29.947368  	27.535522 
32.151498  	7.132323 
33.650224  	26.522388 
33.426727  	6.740490 
27.673361  	27.563463 
36.297947  	8.794157 
39.727900  	20.219931 
26.432544  	26.605897 
33.770175  	27.039212 
19.785761  	19.381032 
19.634542  	20.091484 
34.802592  	7.464010 
23.096550  	25.327207 
33.480381  	26.427987 
39.963893  	19.778640 
23.660671  	9.137881 
20.675010  	21.247888 
25.503289  	26.735481 
36.558875  	25.245068 
22.319320  	24.348956 
36.333636  	8.580674 
20.305675  	12.415235 
40.808229  	17.426840 
40.601499  	18.268152 
20.137326  	19.393254 
36.476317  	8.278916 
22.842799  	24.333108 
40.281284  	18.815268 
29.275049  	27.605397 
35.112635  	25.767038 
36.484561  	8.171044 
40.325994  	20.372513 
23.346498  	24.856903 
38.801848  	12.149487 
40.574584  	16.577907 
26.529228  	27.341844 
22.012305  	24.496448 
36.354971  	25.343521 
33.600608  	6.800215 
28.861396  	27.035117 
19.503101  	14.588546 
33.401374  	7.438062 
40.252564  	19.425887 
28.667131  	27.060987 
19.665976  	17.456003 
22.501951  	9.464799 
23.917913  	8.224568 
25.682017  	7.870103 
28.544927  	7.106428 
30.458487  	27.382186 
22.892069  	9.551691 
19.522313  	17.466984 
34.179179  	26.084848 
21.256915  	11.293998 
21.023535  	21.519190 
31.399895  	27.442236 
23.350107  	8.767204 
40.040364  	15.213639 
34.803516  	8.059852 
27.317219  	7.110476 
40.642418  	16.140383 
30.940181  	6.554137 
30.846949  	27.596352 
39.841356  	20.185546 
22.540239  	24.025095 
31.576424  	6.392697 
21.150086  	21.656073 
40.044764  	20.619768 
19.092094  	17.132619 
28.250806  	27.437448 
24.308109  	8.077983 
19.147479  	16.527993 
21.671372  	10.171094 
38.204048  	11.109873 
43.082570  	3.787054 
22.301840  	2.132926 
23.480091  	4.401288 
39.114728  	8.100006 
36.209950  	10.232117 
33.293405  	10.904766 
40.784859  	6.433970 
26.031739  	8.273049 
24.425119  	6.361715 
40.498232  	7.401116 
42.511844  	3.940155 
30.045026  	9.760539 
42.347956  	4.314593 
23.745247  	5.774906 
41.239706  	6.641328 
24.019076  	4.619849 
36.460606  	9.799194 
25.044455  	6.979205 
22.684964  	0.774618 
30.888499  	10.273342 
39.102035  	8.931135 
43.146249  	2.013362 
28.865654  	10.144318 
42.554323  	4.208910 
23.422216  	3.907181 
31.346233  	10.828899 
32.594706  	10.946951 
41.767553  	6.334826 
23.533061  	4.514096 
37.928318  	9.524268 
23.863142  	5.051516 
22.990960  	1.679023 
22.141569  	0.307353 
22.186341  	0.254498 
35.020633  	10.531716 
38.965182  	8.210761 
31.172216  	10.754497 
29.139990  	9.279026 
42.937759  	2.059356 
40.769120  	7.255396 
35.902202  	10.515571 
38.961205  	9.135865 
36.858723  	9.955414 
22.629068  	2.728328 
43.112518  	3.425927 
44.611663  	42.396978 
46.034138  	42.094498 
32.140740  	26.587136 
48.959078  	36.969303 
43.972227  	43.180248 
49.254786  	30.863225 
46.210056  	25.999057 
32.529698  	42.725548 
30.597006  	39.864272 
47.174490  	26.707695 
49.366158  	34.736734 
29.295650  	29.898099 
38.259049  	44.220127 
40.718947  	23.557528 
46.978313  	40.111180 
38.630833  	23.143494 
32.157602  	42.377445 
31.880425  	26.767321 
36.315198  	43.787331 
44.550020  	25.503102 
49.499374  	34.873580 
48.720420  	30.190351 
34.420661  	43.112061 
41.663394  	24.361207 
42.782355  	44.231998 
48.431903  	37.878042 
29.636622  	28.869000 
49.697682  	35.248837 
47.348877  	26.908015 
42.113153  	43.915053 
40.178147  	44.705698 
45.710211  	41.548051 
40.214256  	23.392192 
44.844496  	24.789036 
34.591941  	43.304247 
41.458765  	44.195807 
45.453812  	42.083830 
28.248499  	32.154676 
33.816367  	25.160885 
41.136503  	43.820151 
33.956842  	43.516646 
35.789821  	43.575738 
33.096894  	25.047160 
46.601973  	41.497333 
46.766980  	26.275103 
48.708776  	37.706706 
28.838990  	34.868256 
44.514307  	25.421397 
30.396941  	40.632297 
32.405293  	42.746990 
38.095911  	44.157885 
32.035546  	42.154532 
39.127437  	23.901299 
45.843304  	41.821073 
29.077293  	35.240924 
48.054266  	39.293418 
28.092477  	33.838908 
31.402058  	40.501636 
39.589444  	23.917711 
29.830147  	38.462487 
38.930496  	44.440075 
31.374911  	27.082051 
30.295096  	39.312687 
30.680477  	39.982102 
48.850588  	31.360697 
38.386824  	23.674109 
34.703636  	24.859909 
48.614069  	28.943353 
46.287622  	41.674019 
28.342705  	35.192504 
45.312824  	25.990739 
42.433306  	24.293692 
48.999389  	34.110518 
48.628909  	29.724007 
48.232036  	38.976898 
49.390056  	33.783791 
29.567303  	38.692997 
29.279723  	30.323561 
31.576799  	27.151928 
28.753233  	34.061439 
45.391259  	42.896730 
29.636971  	39.686272 
39.020246  	23.900515 
29.436482  	30.186979 
29.602459  	37.960584 
38.860260  	44.815751 
32.882669  	25.480712 
49.243279  	34.274275 
38.718343  	44.905075 
39.638809  	23.156019 
36.236023  	43.867139 
49.672131  	35.051485 
44.011035  	42.768667 
29.518733  	29.744936 
31.761604  	42.099730 
32.366957  	26.253856 
32.553635  	26.097825 
38.195664  	23.075118 
45.612471  	25.676826 
48.571682  	31.104674 
7.768714  	44.343968 
12.482909  	47.624452 
21.721448  	29.440501 
14.469578  	28.067336 
17.121643  	27.524222 
6.113216  	39.803190 
12.379043  	28.678591 
8.669175  	44.946870 
6.820644  	43.978247 
7.093042  	42.966497 
13.309521  	27.813670 
26.096191  	36.562319 
13.269640  	47.723432 
16.375313  	48.481371 
6.312143  	35.145982 
23.125760  	29.679931 
11.715304  	47.467913 
9.995736  	46.657298 
22.061137  	47.124835 
13.172657  	28.408017 
19.468920  	27.705992 
9.938497  	45.953501 
23.096006  	45.255804 
9.615183  	45.761064 
5.760471  	38.389927 
26.010923  	34.716493 
24.169328  	45.089576 
26.492861  	38.948617 
6.019902  	40.719859 
8.125519  	30.450659 
8.076777  	30.568813 
7.666042  	44.674215 
21.194143  	47.540486 
5.559739  	38.030673 
18.742899  	27.681255 
21.828872  	29.631951 
15.167149  	48.597470 
5.819727  	40.088550 
10.484857  	47.411865 
18.679952  	28.059283 
12.956541  	28.266688 
16.821889  	48.407906 
25.292496  	43.258282 
16.440618  	48.334692 
21.143573  	47.302884 
5.559093  	36.590228 
23.959538  	44.375402 
9.249424  	30.421760 
5.423314  	35.148032 
26.294944  	36.580800 
16.387422  	47.992492 
24.613509  	31.534131 
24.466201  	43.321978 
8.951057  	29.980498 
5.612547  	39.049201 
26.265384  	37.211395 
8.730373  	46.194664 
5.942738  	40.202609 
26.642077  	37.136170 
9.814292  	29.769750 
17.130295  	48.184421 
5.787452  	39.305318 
25.618016  	34.609753 
24.311938  	44.157247 
17.913463  	48.504221 
25.292477  	43.352557 
13.885370  	48.654968 
23.654760  	44.663681 
12.887818  	27.984296 
24.650893  	43.211722 
23.279750  	45.616117 
12.285380  	47.808241 
20.316599  	28.814851 
26.335667  	37.582882 
26.234187  	34.796655 
12.390702  	27.951469 
24.832977  	32.170891 
17.088001  	27.762019 
19.555321  	48.264487 
23.965074  	30.479522 
5.914786  	37.462923 
7.376669  	32.287019 
7.225928  	44.325793 
23.633884  	31.463654 
26.621363  	40.680793 
26.517154  	36.454210 
19.832346  	48.065442 
26.674048  	35.749513 
25.376148  	32.892374 
22.436438  	45.846800 
25.168146  	33.534006 
21.835551  	29.171278 
16.671574  	48.749372 
25.637084  	34.664344 
17.669581  	48.257314 
23.350570  	30.386254 
17.519321  	27.622541 
10.589239  	29.298066 
6.517062  	41.474751 
26.366351  	34.753654 
30.152159  	35.196680 
27.033292  	37.326802 
45.884413  	43.272297 
39.783970  	34.828652 
24.782999  	47.407769 
44.018287  	39.344841 
43.240954  	36.782890 
43.616693  	49.362145 
27.398183  	36.774187 
45.082269  	48.043247 
45.514006  	41.092136 
44.291330  	47.958685 
24.378833  	42.213713 
24.282015  	44.353261 
25.238327  	39.449205 
44.962762  	47.707205 
26.393752  	38.089629 
30.589626  	34.379782 
45.180378  	47.370445 
25.020027  	42.450764 
24.813589  	45.799178 
45.145719  	44.253744 
45.352900  	45.953833 
41.845421  	36.117094 
43.802776  	38.949144 
41.104662  	35.830967 
25.475702  	38.588185 
45.621475  	41.513182 
43.105503  	37.344113 
41.526217  	35.258805 
24.663742  	43.597799 
43.133988  	36.800123 
34.966446  	33.091339 
26.210212  	37.462445 
44.298486  	49.053529 
45.065854  	46.771025 
24.859639  	47.895264 
32.237256  	34.234384 
24.862151  	44.473297 
45.456071  	40.733416 
36.699787  	33.317738 
35.495404  	33.667789 
24.199906  	42.464429 
28.112577  	35.540484 
27.078233  	36.703041 
24.990144  	46.608215 
44.971324  	46.138388 
45.133179  	47.364324 
24.184442  	45.011787 
45.040461  	41.722032 
28.653544  	35.413820 
28.460392  	36.238974 
24.666082  	46.865332 
44.677485  	38.965491 
36.079528  	33.283908 
25.469414  	40.658154 
39.328344  	34.036796 
33.432567  	33.972879 
25.313503  	48.143883 
32.460504  	33.972490 
43.230354  	38.146687 
30.135406  	34.390852 
44.772099  	41.083482 
44.779105  	47.790659 
27.447486  	36.519390 
24.952625  	48.364659 
25.360097  	39.748851 
41.944080  	36.076633 
24.243631  	46.073768 
45.381740  	42.510209 
