20.955385  	12.886607 
37.436271  	0.902197 
39.043162  	2.268911 
22.114026  	3.339658 
38.577060  	16.320393 
20.793661  	12.851059 
21.295924  	12.851091 
37.421307  	0.828904 
24.261672  	16.719776 
38.126121  	1.239948 
28.203703  	19.206896 
41.198358  	6.355480 
31.147085  	19.629128 
22.873959  	2.369204 
30.457622  	19.941016 
39.350966  	14.679909 
37.645252  	16.735672 
40.751959  	12.301408 
41.126319  	6.458807 
37.710731  	0.457981 
22.469788  	2.127193 
31.934026  	19.729753 
41.469810  	9.618925 
38.886944  	1.665416 
40.798945  	5.002417 
26.577062  	18.562302 
26.481651  	0.078984 
41.756739  	11.071851 
21.284252  	6.430128 
25.319855  	0.297359 
22.807792  	3.178683 
37.816403  	16.452292 
24.789993  	17.685380 
34.386693  	18.462046 
21.369750  	4.967845 
41.389357  	5.674152 
25.503154  	18.262002 
20.969587  	11.896690 
36.884819  	17.964871 
20.212045  	10.618647 
22.536716  	15.882792 
40.072064  	14.630067 
40.578980  	12.499020 
40.208055  	14.933946 
24.163140  	1.566472 
22.246186  	14.862657 
41.331171  	6.124777 
22.741101  	16.056245 
41.729606  	9.935714 
40.301401  	4.939958 
24.052864  	16.192865 
40.238495  	12.827560 
40.970994  	12.546727 
38.909135  	1.758068 
36.853570  	0.070514 
27.167275  	18.915151 
29.157696  	19.705415 
20.755960  	8.755757 
35.554850  	18.069363 
23.109837  	1.876425 
26.865055  	18.894556 
20.544412  	7.081489 
20.242267  	7.872536 
39.509447  	2.174363 
40.644799  	13.793521 
24.691885  	0.502489 
41.054838  	10.378491 
22.957303  	1.562592 
23.729280  	1.375262 
41.769061  	10.013570 
32.084890  	19.041066 
21.429723  	13.405656 
41.504246  	10.631203 
21.211028  	13.814150 
22.423500  	14.333258 
21.001109  	13.361442 
31.525578  	19.803877 
39.595340  	15.717152 
23.929729  	16.484068 
34.629045  	19.189702 
21.237853  	4.341621 
40.806316  	11.799314 
32.750169  	19.194945 
47.039007  	32.946141 
27.150739  	39.241706 
38.950717  	45.353487 
47.302989  	37.201914 
27.899475  	29.786514 
44.766729  	28.700959 
32.747313  	25.206397 
30.259776  	43.577260 
35.315486  	24.504172 
45.976267  	30.592435 
46.324881  	40.200634 
46.661046  	39.434432 
26.423107  	37.032074 
43.247001  	26.575335 
47.259977  	32.824483 
43.791595  	26.404987 
42.921877  	44.215822 
42.464485  	43.725790 
26.564236  	36.046337 
27.090000  	30.902209 
26.276850  	34.881459 
31.395821  	26.538725 
27.318663  	38.044950 
26.468382  	37.843417 
35.064806  	45.062556 
28.567527  	29.441817 
33.798287  	25.421428 
28.603614  	41.595506 
42.726970  	43.843179 
42.066441  	25.926347 
35.368671  	45.598998 
27.409626  	31.833816 
33.357383  	24.766167 
30.112927  	42.718045 
31.004572  	26.336580 
31.897442  	25.782413 
34.003011  	44.592604 
28.564905  	28.010782 
26.127879  	35.892735 
31.212716  	43.803826 
28.144593  	28.629618 
47.039101  	30.731928 
26.159798  	35.700021 
42.061097  	25.388273 
27.227516  	37.549225 
47.478915  	36.480654 
26.716152  	33.885335 
37.621722  	24.155026 
33.597158  	25.596774 
33.261470  	24.948961 
39.394454  	45.500790 
46.358462  	40.139960 
43.373794  	43.388966 
33.904905  	25.129823 
31.300924  	25.806495 
37.338454  	45.811357 
29.752265  	43.152935 
36.600692  	45.141033 
40.656274  	45.179964 
26.531141  	32.279156 
32.692022  	44.079721 
44.458629  	26.976980 
33.565953  	25.039713 
44.213319  	27.386326 
28.627412  	29.264167 
46.735675  	40.021617 
34.779578  	45.538962 
47.048060  	36.018086 
26.651184  	35.949745 
45.653763  	40.206955 
41.440830  	25.551242 
47.071062  	33.745525 
39.295960  	44.986419 
46.651282  	31.861089 
27.865669  	39.643705 
26.829862  	34.246143 
42.873982  	26.663554 
43.659125  	43.582311 
40.336105  	44.480000 
34.915352  	25.117984 
40.756858  	44.374754 
44.976843  	41.882585 
28.861329  	41.539269 
40.974152  	25.294017 
27.224877  	38.800917 
47.132369  	37.708339 
40.919437  	25.375135 
47.024721  	34.289385 
41.414595  	44.138455 
41.728094  	25.169175 
42.574258  	25.948611 
30.301105  	26.332544 
41.255677  	44.267643 
30.884897  	43.402709 
40.064661  	25.376703 
44.977223  	27.903246 
43.599167  	42.513388 
45.310677  	42.066304 
34.445581  	45.558169 
45.984286  	41.023505 
22.147757  	24.010200 
13.734225  	24.263308 
27.721021  	29.698635 
7.788002  	30.035773 
13.853450  	24.736840 
22.224642  	43.227806 
9.365321  	27.963253 
14.414946  	43.335277 
28.294739  	33.864537 
8.430238  	38.406774 
25.140880  	42.185831 
13.298802  	43.638399 
8.653901  	29.346998 
19.749506  	43.996961 
18.787938  	24.031091 
27.998506  	34.172829 
26.297367  	28.418450 
28.199788  	34.982002 
28.915020  	33.071378 
22.674147  	24.092813 
24.958131  	26.345954 
13.271709  	24.118540 
28.313369  	31.061563 
8.018258  	31.910784 
25.803975  	26.782107 
20.910215  	43.875761 
26.312237  	27.924910 
7.509006  	34.969047 
18.396937  	44.480574 
18.024911  	23.276224 
28.673864  	34.261983 
13.649311  	24.509399 
19.291071  	44.645804 
28.307065  	35.940207 
26.872503  	39.854800 
11.430491  	26.264268 
9.590901  	27.976127 
17.646632  	44.948750 
25.051672  	41.434643 
19.396116  	23.653461 
21.602791  	23.850128 
26.739027  	40.529121 
8.986441  	28.104598 
17.976761  	44.440281 
12.460595  	25.496177 
26.193899  	27.081907 
10.213945  	26.294330 
9.460889  	28.700606 
19.870925  	44.793500 
28.151207  	33.023785 
15.884228  	44.321023 
7.971329  	33.347499 
26.128358  	40.076989 
25.781945  	27.333566 
8.958136  	28.685427 
10.204188  	27.425404 
28.147512  	33.832684 
12.169552  	42.426498 
27.902403  	32.606292 
21.117511  	23.594178 
16.125922  	44.511319 
27.999724  	33.925767 
15.191974  	23.411563 
26.379057  	39.898424 
12.517506  	42.884946 
12.044935  	43.084998 
26.757961  	29.173187 
7.609355  	34.185718 
7.704377  	34.011706 
28.676657  	33.905209 
9.375961  	40.680266 
7.885702  	31.411377 
14.816836  	43.943212 
7.801454  	34.994814 
15.934189  	43.885971 
21.475070  	44.095736 
21.482726  	24.311315 
9.768228  	28.234765 
17.661261  	44.811348 
13.516036  	43.481248 
25.103237  	26.961248 
12.883650  	43.424593 
24.611065  	42.018342 
8.510412  	30.543452 
10.402399  	27.497965 
27.500161  	30.429714 
21.131366  	44.305074 
28.778648  	32.650651 
27.797365  	36.647951 
7.246844  	32.460641 
12.761836  	24.642563 
8.220927  	36.893048 
22.036515  	43.782972 
21.913093  	44.034326 
13.040887  	25.032994 
22.884707  	24.936908 
12.138010  	42.811190 
12.702096  	43.161453 
21.833719  	44.163788 
7.462027  	32.603177 
5.747582  	7.816767 
7.736135  	8.989135 
9.148480  	10.679726 
5.799448  	24.447864 
8.242412  	9.287129 
10.588813  	14.030979 
9.289672  	20.438692 
5.556900  	25.280133 
4.927402  	6.960049 
9.824617  	19.804853 
7.860201  	23.497815 
8.135699  	9.085493 
0.985763  	26.584341 
5.924050  	24.479719 
8.517723  	21.426637 
2.602523  	5.889269 
1.768376  	5.235575 
8.156780  	9.183334 
3.704982  	25.963589 
10.769565  	16.128320 
3.166828  	25.898040 
2.820629  	5.997798 
8.516320  	9.960771 
1.655495  	5.838340 
9.612494  	20.195230 
0.111460  	26.246345 
1.001167  	5.512023 
2.956902  	25.605037 
6.435333  	7.839945 
5.186652  	7.334053 
7.476614  	22.789716 
0.263485  	26.673827 
7.664217  	8.702070 
9.647497  	19.150523 
7.889869  	23.262918 
7.715358  	23.033722 
7.945828  	9.301954 
8.002407  	22.241914 
10.054250  	19.451385 
10.060679  	19.844832 
2.975852  	5.844002 
9.995559  	16.298009 
8.635471  	21.237236 
1.560070  	25.877560 
9.988407  	12.227505 
10.269529  	18.556710 
9.937831  	17.496500 
8.238158  	22.567553 
10.080386  	13.905766 
27.249363  	18.727823 
32.858916  	37.133999 
34.349738  	16.710312 
23.836822  	27.842508 
43.555656  	31.085270 
30.500115  	17.214766 
31.060400  	16.638593 
44.250658  	24.780991 
23.324790  	26.800252 
35.821918  	16.527149 
27.235814  	35.381276 
23.771388  	27.612772 
30.638609  	17.320070 
40.739027  	19.411488 
42.186048  	34.210314 
31.829941  	37.737357 
29.406658  	17.156159 
42.258255  	32.727235 
41.173462  	19.961431 
25.420715  	33.115216 
23.622194  	26.451231 
40.980262  	18.676783 
32.099744  	16.398631 
39.199382  	36.432202 
42.299827  	33.863882 
33.518375  	16.813340 
35.776206  	37.528300 
43.976550  	29.113869 
24.359316  	23.674761 
37.251758  	37.460692 
44.171519  	29.557383 
37.681112  	36.351439 
35.269417  	17.030618 
37.642134  	17.370106 
42.852449  	33.374493 
23.913924  	27.520639 
23.378266  	25.523932 
23.357294  	27.856037 
44.431573  	29.276464 
41.527234  	20.266446 
32.698857  	16.355423 
44.699475  	28.233387 
38.028995  	36.734844 
29.424919  	17.301101 
37.187439  	36.992008 
30.599907  	17.595779 
31.009608  	36.952766 
43.524262  	21.971240 
32.408483  	37.652092 
25.986089  	33.616437 
38.320687  	36.291483 
27.707903  	18.668763 
40.044672  	35.090855 
39.508554  	17.908475 
35.488590  	16.522209 
44.052322  	23.690797 
41.331797  	34.825903 
44.067626  	29.764580 
24.128419  	23.185305 
24.110174  	23.232861 
38.583227  	18.056062 
37.752056  	36.996103 
43.427571  	31.703287 
30.936511  	17.069490 
35.171171  	37.518002 
34.153019  	16.513028 
23.523988  	23.958098 
41.674337  	34.355580 
37.366425  	37.230698 
23.509764  	24.362775 
41.226889  	19.014258 
38.123715  	17.619436 
24.159705  	30.027968 
41.043553  	19.625154 
44.459816  	24.068746 
41.950167  	33.464893 
33.028992  	16.556957 
29.619409  	17.629279 
40.751851  	19.292049 
32.065576  	37.404711 
44.247907  	23.538730 
44.067034  	28.911758 
25.166059  	22.208186 
40.873337  	34.331933 
43.310817  	30.912632 
38.392919  	17.528872 
35.565572  	37.842001 
23.781279  	30.094794 
32.474159  	16.623497 
26.826355  	19.028876 
27.619403  	18.556779 
42.530132  	21.686165 
35.655255  	16.547243 
41.115924  	35.207535 
26.798700  	19.918949 
33.924987  	16.229932 
37.372780  	17.221229 
23.536450  	24.651785 
42.158530  	33.666212 
24.288567  	30.269262 
11.626243  	47.755836 
3.171452  	35.788007 
10.648001  	41.212926 
10.824266  	42.327972 
3.717446  	36.221683 
11.095460  	43.157168 
0.304504  	35.252150 
3.118154  	35.392766 
2.444923  	35.421144 
8.950522  	38.803529 
10.509131  	41.689961 
0.416484  	35.917366 
2.490650  	35.715159 
10.511455  	40.658443 
10.737725  	43.514703 
11.629622  	45.894517 
7.293346  	38.037978 
9.257726  	39.851019 
11.299047  	48.815960 
11.586044  	44.286618 
7.779335  	37.630972 
10.809554  	42.288849 
11.169909  	49.817454 
11.074414  	45.288531 
10.784272  	43.934080 
5.356986  	36.833939 
8.484475  	39.218951 
4.961903  	36.289010 
9.595814  	40.422188 
3.183049  	35.500748 
8.533489  	38.368058 
7.980227  	37.557463 
0.157537  	35.498083 
10.768315  	41.248156 
11.038659  	46.474683 
6.996374  	36.887179 
9.980813  	40.965618 
11.437982  	44.976026 
11.333681  	45.536289 
2.293361  	35.737095 
11.531910  	44.961316 
5.211984  	36.930315 
11.405313  	45.145915 
36.672138  	19.450070 
26.857006  	3.195549 
24.965118  	11.302421 
27.417069  	2.108036 
25.528952  	13.159238 
24.750774  	8.023594 
42.399528  	16.017620 
40.160027  	18.239812 
32.577036  	18.906021 
24.117298  	8.247140 
37.240612  	18.796921 
28.287634  	0.696739 
44.793376  	12.477037 
25.836060  	3.341183 
29.478188  	18.192910 
28.937026  	0.441942 
44.800931  	10.985383 
41.031422  	17.866902 
44.455395  	13.538226 
37.011210  	19.721709 
34.087880  	19.206274 
29.369164  	17.960674 
44.975819  	4.700811 
24.793434  	7.648700 
28.404157  	1.094631 
44.473057  	13.273311 
27.291936  	15.825375 
39.723569  	18.575379 
37.539674  	19.466616 
33.804345  	19.419712 
42.373823  	16.786317 
25.350972  	11.626071 
45.302796  	8.076752 
45.683896  	10.963253 
42.565235  	16.600475 
45.168121  	12.257194 
45.272323  	8.307634 
28.871667  	17.743199 
42.086717  	0.828193 
38.713948  	18.909924 
27.458407  	1.310763 
43.210879  	2.869628 
43.822590  	14.306779 
44.139906  	14.144134 
41.772570  	16.624454 
45.036458  	6.933720 
27.511384  	16.343067 
25.081073  	11.148228 
24.897181  	11.816566 
36.852825  	19.274582 
41.492105  	1.009220 
44.360324  	3.579269 
29.265517  	0.161691 
26.703053  	15.257849 
45.491968  	6.185999 
39.746233  	18.299101 
26.548291  	14.344962 
28.202158  	1.013177 
40.756207  	17.418199 
39.637929  	18.822913 
44.999122  	11.004385 
31.596149  	18.665081 
25.445255  	5.036813 
25.832107  	4.763287 
31.687935  	19.150381 
26.960091  	2.568836 
44.479126  	13.598496 
45.270485  	6.651141 
44.815170  	5.303726 
37.688908  	19.284443 
26.532566  	14.594870 
41.239527  	0.221145 
38.336703  	18.791139 
29.699629  	0.287591 
34.051417  	19.681769 
28.217584  	16.810175 
42.835214  	1.956604 
45.065619  	10.638082 
44.816716  	12.103562 
43.584703  	15.504067 
25.607644  	14.637699 
42.728426  	2.575716 
27.581844  	16.679255 
39.175511  	17.791507 
43.275721  	32.256413 
48.690790  	33.932649 
40.266743  	15.437148 
39.082953  	17.569874 
38.988178  	18.122802 
43.556007  	32.962476 
40.675668  	15.231206 
40.524271  	15.055601 
38.464676  	28.392365 
40.350359  	15.965585 
39.058521  	17.427751 
37.086915  	23.951087 
37.924721  	22.300892 
40.180033  	29.989143 
41.015880  	15.175547 
37.415089  	24.989891 
44.742475  	13.388105 
39.654106  	17.225396 
39.942956  	29.089666 
39.744083  	29.545215 
37.434627  	22.389347 
37.756819  	25.842050 
46.369588  	12.260272 
42.750238  	32.297311 
37.608670  	23.142347 
37.843513  	20.582196 
47.402381  	12.246263 
45.466837  	33.275363 
39.244525  	28.508326 
41.112414  	31.034996 
37.238938  	22.553293 
40.835642  	31.103825 
41.388514  	14.736329 
48.633137  	33.705099 
37.555641  	23.956744 
44.957611  	13.164154 
38.190752  	26.972235 
37.611026  	23.263086 
39.219624  	16.843296 
37.144309  	24.074230 
37.696464  	20.200508 
38.452663  	18.544850 
46.548251  	33.435153 
37.280043  	24.443096 
38.170461  	25.319519 
38.024882  	22.295005 
44.801048  	32.527156 
42.051433  	13.855901 
39.686101  	30.062513 
2.908478  	41.778435 
0.514368  	20.714433 
12.684800  	33.198873 
3.055448  	40.994300 
9.738166  	38.424337 
8.407686  	23.129704 
10.196422  	37.230463 
2.037261  	20.753117 
0.997071  	41.343797 
2.246359  	20.140013 
3.937548  	20.839001 
8.884749  	23.025025 
4.047431  	20.860571 
2.987130  	41.345317 
3.699337  	40.905163 
0.311686  	41.302893 
5.533219  	41.223324 
9.532158  	24.052583 
12.359889  	32.916431 
1.394258  	20.293316 
12.801819  	32.149221 
12.948253  	31.368448 
9.471687  	24.353656 
11.879611  	35.515892 
6.458122  	40.226329 
10.833694  	35.895494 
10.239906  	24.991344 
4.093992  	20.771843 
0.780078  	20.298982 
6.565072  	21.399994 
6.754853  	40.131888 
7.786772  	40.083681 
12.218023  	29.390026 
7.124563  	21.740472 
4.507036  	21.216607 
3.603763  	21.028644 
11.190678  	27.059006 
7.953933  	39.399445 
11.660629  	26.678861 
12.151766  	29.284879 
0.907969  	20.959708 
11.141514  	35.629548 
10.551682  	37.470606 
10.425409  	37.245998 
8.755229  	22.671322 
2.063145  	20.851305 
8.395290  	39.491187 
5.806218  	41.223146 
10.704604  	36.313178 
10.442846  	25.641050 
5.942348  	40.244344 
2.779310  	41.314683 
0.084126  	20.214388 
11.995922  	27.116503 
40.532683  	39.697581 
38.807550  	21.244798 
44.225824  	40.459477 
34.728089  	27.657384 
34.109747  	29.365666 
36.909840  	36.288825 
44.721458  	40.813067 
47.968155  	20.243461 
38.502507  	38.647692 
41.956416  	39.733273 
37.091935  	23.257410 
35.463357  	24.994759 
36.572966  	36.927127 
34.495049  	31.626655 
35.783505  	35.005619 
37.646032  	38.119061 
37.639048  	36.768780 
34.747079  	26.274733 
49.779023  	38.897243 
43.522633  	40.383515 
39.362917  	39.231646 
35.587240  	24.765504 
38.114744  	21.598021 
42.992688  	19.803398 
48.320200  	20.203252 
47.265678  	20.056826 
34.909583  	30.428348 
48.511548  	40.279544 
45.197040  	40.342204 
45.339040  	40.434800 
47.466457  	20.257486 
36.078617  	35.514429 
47.324293  	40.324614 
35.475230  	25.387110 
39.005500  	21.933652 
35.120339  	28.158180 
44.700410  	40.483809 
39.940084  	20.758937 
35.090203  	32.606900 
44.450719  	19.105125 
49.144258  	20.210969 
44.164906  	19.689684 
45.973705  	40.442792 
42.955950  	40.383731 
37.740349  	36.877315 
35.421317  	26.500166 
44.825945  	19.138614 
40.606809  	20.268614 
34.808899  	27.521804 
34.703568  	32.232372 
36.307361  	35.517067 
35.731008  	35.008572 
35.748388  	24.861161 
34.341404  	31.547360 
34.455083  	32.608585 
38.606660  	21.275024 
45.487333  	19.240701 
36.284042  	25.097747 
48.522296  	39.622548 
34.863396  	34.031037 
35.765005  	25.559858 
37.730594  	37.152323 
47.868813  	40.381229 
40.569401  	39.610921 
34.543943  	31.634277 
41.606032  	19.876711 
49.804034  	21.229523 
36.078448  	24.220216 
42.285642  	40.565617 
11.746206  	48.720450 
2.008768  	37.560537 
11.536405  	47.007942 
11.419912  	45.097339 
11.017264  	47.191041 
11.889242  	49.193488 
3.786840  	37.741661 
10.922099  	45.866470 
2.837224  	37.722617 
8.482337  	40.188813 
11.513147  	48.688295 
6.797691  	39.260047 
10.699195  	43.536189 
10.557456  	43.136355 
0.100802  	37.792579 
7.488347  	39.287862 
10.342413  	43.339601 
10.980271  	48.627850 
8.505983  	41.317170 
10.375480  	43.516656 
10.966603  	47.183402 
9.341172  	41.882414 
11.555062  	49.261215 
4.556685  	38.442281 
10.305582  	42.395881 
0.547972  	37.379469 
5.075850  	37.930867 
5.961698  	38.652190 
25.220528  	10.519853 
25.991266  	31.439466 
23.452185  	30.819013 
29.503832  	11.267024 
36.646156  	17.401156 
33.560412  	28.613212 
21.357936  	30.119601 
26.205069  	31.553108 
18.818477  	28.215447 
34.631821  	14.461245 
16.679910  	24.239713 
35.439757  	15.543765 
29.723307  	31.515874 
16.691007  	19.070061 
18.548089  	14.475799 
33.480344  	28.937578 
37.828976  	20.143686 
29.160823  	30.814828 
16.324909  	23.245535 
30.723284  	31.204761 
24.032132  	31.401527 
16.702101  	20.023640 
22.343083  	11.763490 
19.425596  	28.525185 
27.784831  	31.216851 
37.659729  	18.476080 
21.882613  	11.523062 
17.068184  	18.912169 
19.932718  	12.872668 
16.434594  	22.540193 
32.840017  	12.699747 
30.928169  	30.978451 
23.018108  	31.057064 
21.013315  	12.927850 
33.589258  	12.779192 
37.086804  	25.031920 
23.776565  	30.466228 
16.506863  	17.854514 
23.333752  	11.275874 
37.305586  	23.407259 
19.057506  	28.065182 
20.246307  	28.442287 
36.083661  	15.569798 
19.975317  	13.675123 
27.854914  	10.691308 
16.221693  	20.090006 
20.364930  	29.600922 
32.007019  	11.516870 
32.561933  	29.835435 
21.742706  	30.293054 
36.672492  	25.521382 
25.474285  	10.198510 
31.913915  	11.209523 
37.197853  	20.938334 
18.931482  	14.299327 
33.697853  	28.819128 
31.870871  	30.288413 
32.044293  	11.859152 
31.876802  	11.661006 
24.893747  	31.176625 
16.189692  	21.370447 
31.265485  	11.683046 
17.039297  	16.441009 
22.799398  	30.967695 
33.422668  	28.984318 
37.292016  	21.272785 
37.201987  	23.217987 
21.743523  	11.599497 
17.756446  	16.577702 
28.681446  	10.456152 
34.957167  	14.700516 
32.843464  	12.233363 
30.625916  	31.042546 
20.541576  	12.380907 
37.350370  	17.554735 
35.773535  	14.517324 
18.134424  	15.220591 
24.092906  	31.126638 
17.210593  	23.483449 
20.463531  	29.262843 
33.967240  	13.289127 
21.937289  	30.506259 
23.507909  	11.523434 
22.237791  	30.865159 
37.524154  	20.507889 
33.689532  	29.500009 
37.413787  	17.601024 
25.834443  	31.846266 
21.793890  	12.117634 
21.644106  	12.321613 
23.533748  	11.357122 
32.255123  	29.507860 
18.593412  	27.428785 
23.648891  	10.764275 
29.396507  	10.740529 
21.629087  	30.335593 
29.578513  	31.215247 
30.024000  	11.468189 
20.399252  	12.548366 
37.403145  	17.873568 
2.660838  	26.220575 
5.463932  	9.596592 
19.539569  	15.838255 
2.769502  	26.727865 
20.428514  	18.503922 
18.365651  	12.441351 
12.570981  	28.663853 
1.501065  	25.306196 
19.301253  	22.935314 
8.846103  	8.671955 
9.375537  	8.723325 
12.379010  	29.017001 
17.472406  	11.052476 
18.870624  	23.616495 
16.825606  	10.728900 
10.623753  	8.482827 
20.860911  	18.798463 
17.362483  	11.943525 
2.307288  	12.230792 
1.113528  	23.585915 
8.222272  	29.336328 
20.619370  	19.478512 
16.663731  	10.778401 
17.524397  	11.165240 
14.342781  	9.718822 
10.701129  	29.464627 
12.349394  	8.441574 
13.858982  	8.747768 
20.183244  	17.859149 
2.965463  	27.337583 
15.938738  	27.168928 
2.225906  	26.587059 
16.865544  	26.865386 
0.588419  	14.480913 
15.457407  	9.823034 
9.856108  	8.656920 
7.446694  	29.558439 
17.780691  	12.639115 
15.352976  	10.036427 
0.393102  	14.791971 
6.601753  	9.436950 
20.314085  	18.212821 
18.213947  	25.966425 
17.541174  	12.134820 
1.484666  	12.558798 
11.142943  	8.431477 
12.495080  	29.137780 
5.960000  	9.477479 
8.575225  	29.768938 
14.702982  	27.825076 
19.896605  	23.007145 
8.672262  	8.741486 
12.315386  	8.968101 
17.035878  	10.784380 
19.204675  	24.222447 
19.852420  	14.211491 
11.129047  	29.427140 
8.644798  	9.041916 
8.776427  	29.368359 
13.064780  	29.373385 
0.497774  	23.659153 
9.136961  	29.735696 
13.851384  	29.008338 
17.922380  	12.348993 
10.509302  	8.668465 
16.064132  	10.679765 
20.470556  	21.892656 
16.070166  	27.009562 
0.131412  	16.852685 
3.544194  	27.205033 
15.734775  	10.333261 
9.900806  	8.608169 
9.532215  	29.477651 
3.677498  	27.247785 
2.171432  	26.191212 
6.042208  	28.609156 
20.899523  	19.447647 
18.349365  	12.893601 
20.649256  	18.229703 
13.270817  	9.497276 
0.549491  	15.167523 
2.014641  	12.898029 
18.260019  	25.839012 
4.714210  	9.723124 
10.570072  	29.472584 
15.235245  	27.808644 
16.626386  	27.372037 
12.145240  	29.507043 
16.211035  	11.036141 
20.402595  	19.886572 
0.314616  	14.081327 
4.315725  	1.041927 
6.481270  	21.477041 
4.409028  	21.122688 
14.221514  	3.760752 
1.694268  	1.127783 
4.520228  	21.383173 
12.647644  	18.668691 
4.096299  	21.741318 
5.363609  	21.658096 
16.627549  	11.234968 
11.952945  	20.141249 
0.903720  	20.645099 
3.414082  	21.407354 
16.094890  	8.336696 
7.654145  	21.013182 
14.092988  	3.893416 
12.593942  	2.967570 
10.474819  	1.409588 
0.015552  	19.785578 
4.591221  	0.416270 
4.400025  	0.538639 
12.004778  	2.228304 
16.196437  	9.983794 
9.918666  	20.254407 
8.338577  	20.926281 
16.521912  	11.537921 
11.554589  	2.565159 
9.681227  	20.404710 
15.566900  	15.298188 
10.182026  	20.461007 
0.862181  	20.033428 
16.454891  	12.302017 
6.205461  	0.902585 
11.670016  	2.406344 
5.026240  	1.047523 
3.948340  	21.430278 
2.462333  	1.331241 
16.129539  	11.626451 
0.653734  	1.596945 
5.597249  	0.908529 
14.308628  	17.554899 
3.005611  	0.998318 
11.995023  	19.835140 
2.147835  	20.228262 
5.852407  	0.901574 
10.627467  	1.748700 
6.726408  	21.172135 
8.258002  	0.612439 
0.444954  	2.624950 
5.290621  	21.511745 
16.208381  	13.790870 
14.567028  	5.032921 
0.842215  	2.033548 
15.095783  	16.221755 
2.534814  	21.049502 
10.812399  	1.953409 
16.297180  	10.016083 
4.056590  	1.089240 
0.860340  	19.808172 
9.042563  	0.620077 
10.958419  	1.231987 
16.321612  	11.681418 
10.707596  	20.840658 
5.582095  	0.664365 
14.947497  	5.348249 
13.671829  	18.492866 
15.885790  	6.387934 
15.096321  	15.717726 
15.774518  	14.385085 
2.073680  	1.121538 
9.804626  	1.698128 
4.425224  	1.124774 
15.854954  	14.725572 
15.467943  	15.044510 
10.379096  	13.839894 
14.517729  	9.869267 
6.686924  	14.794820 
7.104229  	14.284973 
16.383173  	2.520230 
9.455643  	13.952815 
16.475294  	4.517904 
5.204697  	14.879683 
16.593801  	2.057994 
0.027762  	12.906872 
15.175207  	9.815117 
16.221400  	4.723176 
16.003428  	3.034898 
12.497214  	11.796551 
15.370417  	8.024336 
8.225552  	13.952232 
12.202932  	12.217277 
14.459888  	10.279354 
16.250511  	2.611830 
16.310921  	5.638572 
15.886770  	1.307086 
7.048708  	14.143974 
10.599467  	12.935598 
16.455505  	5.637809 
15.805455  	8.883959 
2.255085  	13.326072 
2.102218  	13.940186 
16.429603  	1.132357 
4.312505  	14.399633 
14.443209  	10.686720 
3.891142  	14.322438 
0.295375  	12.969797 
16.837909  	4.734662 
12.735971  	11.721833 
15.971923  	3.251172 
6.416468  	14.041243 
16.113604  	7.422719 
4.677079  	14.547506 
16.080761  	2.457839 
1.971073  	13.938196 
0.562464  	12.569318 
44.396081  	30.760061 
43.817708  	10.337170 
32.029635  	20.230705 
45.689353  	31.314488 
32.775127  	16.320072 
47.281156  	12.049615 
34.373296  	28.059276 
43.978316  	10.318883 
48.939539  	13.009831 
34.370459  	13.464079 
31.947905  	21.977439 
38.699423  	30.955209 
40.927143  	10.424132 
49.908801  	14.799124 
34.455713  	28.815609 
32.891850  	26.004158 
37.622850  	11.521574 
47.448438  	29.678394 
45.832961  	30.659628 
32.959397  	14.895289 
46.465158  	11.147976 
48.080636  	12.454483 
47.572632  	11.729306 
31.357765  	19.679839 
43.139390  	10.336896 
47.870849  	12.309020 
31.514856  	21.248517 
46.454321  	30.547724 
38.907833  	10.978099 
32.538730  	16.051831 
48.632558  	29.185913 
43.013590  	30.998632 
46.021838  	30.424692 
31.862781  	24.903433 
32.430068  	26.041468 
46.188699  	30.563200 
48.042452  	29.745786 
43.736086  	10.512579 
42.574818  	30.983466 
46.739289  	12.194369 
33.632583  	14.597943 
40.946567  	11.005488 
34.197178  	28.491059 
41.544396  	10.192946 
38.909656  	31.072228 
31.950233  	20.953246 
32.437270  	15.846923 
45.601988  	11.617800 
37.690871  	30.134079 
44.938179  	11.337334 
49.535542  	28.950824 
33.984010  	28.262499 
47.507720  	30.036870 
31.674588  	19.822769 
33.145078  	15.560299 
33.664813  	14.402678 
35.255221  	13.617050 
45.336797  	30.892714 
38.634365  	30.626656 
32.658955  	26.171545 
46.084417  	11.763251 
34.491785  	14.098789 
43.826101  	31.424268 
31.368309  	22.991770 
38.365373  	11.577183 
31.806856  	23.664547 
48.176075  	29.593957 
32.296141  	18.027607 
31.429281  	19.496704 
49.682352  	28.069757 
41.303898  	31.607330 
31.829343  	21.746818 
35.015552  	13.175840 
44.185198  	10.596880 
34.364989  	28.530379 
45.612069  	10.658194 
32.729489  	15.994240 
49.596525  	14.196119 
40.559842  	11.053848 
14.087717  	26.136402 
19.270735  	30.517895 
14.489192  	26.261050 
13.689235  	45.611948 
14.365872  	45.845769 
11.657363  	25.547577 
18.321117  	29.694525 
4.216659  	27.250545 
0.721039  	41.558856 
8.430794  	46.513686 
0.278901  	33.084485 
20.434310  	38.850470 
17.667576  	28.705599 
10.168167  	46.196652 
8.049677  	25.646438 
13.540012  	45.352449 
10.208249  	25.185351 
8.861708  	46.035153 
15.474854  	45.328771 
20.057054  	39.443207 
2.884696  	27.976755 
1.346140  	41.577698 
15.069700  	44.904950 
1.119731  	41.756806 
5.164922  	45.253217 
13.579534  	26.450815 
10.285159  	46.242982 
14.341617  	45.008349 
17.533884  	42.800044 
5.331249  	45.909731 
5.610657  	26.794911 
15.341755  	44.914351 
12.316162  	46.706792 
8.386720  	25.831552 
12.883107  	45.679240 
20.117993  	35.208660 
5.977957  	46.090747 
2.282146  	43.773977 
13.666281  	46.322712 
14.095938  	45.122680 
18.612399  	30.098595 
7.466394  	46.657431 
11.022887  	26.002315 
14.612976  	26.634080 
19.548122  	39.851411 
14.028668  	26.792946 
6.302039  	45.451195 
7.012093  	25.556226 
20.861919  	36.136774 
1.577164  	29.831059 
4.057704  	45.093356 
19.667558  	38.922039 
13.213732  	26.530474 
20.135891  	33.304872 
13.431788  	46.306446 
18.546495  	41.473338 
11.858256  	46.466465 
7.028201  	26.399562 
18.571390  	29.955890 
20.162231  	39.275525 
15.941510  	27.016768 
9.895968  	25.183846 
6.867947  	45.705166 
11.982117  	25.946582 
11.951064  	46.305016 
14.906412  	45.430118 
14.404542  	45.622890 
8.256294  	46.293663 
19.723117  	38.336876 
7.732340  	26.107694 
20.144404  	35.698210 
4.642585  	45.126780 
5.162409  	45.622770 
18.104986  	42.427224 
18.359915  	42.253944 
19.862930  	34.349967 
3.601531  	27.629839 
20.190786  	38.854451 
20.010026  	39.435022 
4.820762  	44.954077 
2.887648  	28.899687 
2.850428  	43.992723 
20.041398  	32.657795 
4.151074  	44.293977 
14.444333  	26.875971 
5.203412  	26.780849 
20.216122  	34.722952 
1.498442  	30.192805 
0.176203  	38.119671 
0.492526  	40.960638 
20.393213  	32.686221 
8.711507  	46.214685 
19.064580  	30.724265 
