45.313610  	64.388806 
63.481011  	57.890648 
35.371012  	46.536949 
54.037133  	64.060639 
42.689596  	37.055581 
40.865478  	62.944516 
42.760878  	63.586579 
66.213673  	54.702851 
56.430956  	63.625080 
62.284846  	40.197829 
36.013350  	56.194645 
35.727578  	47.119382 
42.586859  	64.389070 
60.109379  	39.009074 
43.619256  	34.563481 
49.461229  	33.275475 
42.145581  	37.259980 
65.794545  	46.754642 
45.096625  	35.788845 
65.131637  	50.183158 
56.751720  	65.245139 
34.633763  	54.569327 
41.575496  	36.434318 
35.612092  	47.173678 
36.433734  	58.772482 
62.858636  	56.607229 
63.194413  	57.675121 
61.875544  	60.486727 
48.807604  	34.881197 
38.612974  	40.601295 
35.743254  	43.462019 
40.850578  	62.972589 
41.831044  	61.758748 
33.810458  	53.859886 
64.494915  	42.196319 
62.555600  	56.881635 
56.991410  	63.233299 
39.908967  	39.268223 
66.245700  	54.009643 
40.098067  	38.556586 
39.564762  	61.751842 
48.511675  	35.447169 
36.351011  	40.528723 
49.524405  	35.936792 
63.362048  	40.229858 
62.246492  	60.817737 
48.844040  	66.206905 
55.719523  	64.535717 
59.904567  	63.262713 
53.154826  	64.867652 
42.336197  	62.258308 
50.442435  	34.644081 
53.661275  	63.877862 
34.125608  	49.939478 
63.310045  	56.390830 
34.431719  	45.683912 
43.259512  	36.712193 
52.644319  	65.132996 
66.665687  	53.042185 
52.486980  	65.773869 
36.526382  	42.096734 
47.785179  	35.819218 
55.093392  	35.750180 
64.003639  	45.652805 
39.692803  	62.679183 
35.034192  	50.156834 
53.812142  	34.655047 
34.685339  	46.765627 
39.794764  	40.415994 
37.734533  	40.327445 
59.323809  	60.726910 
41.614664  	61.475458 
65.512049  	55.326944 
64.714007  	50.705690 
64.203211  	58.675759 
58.699996  	61.632286 
46.752990  	35.118571 
52.226855  	33.176174 
59.033281  	39.027314 
36.309736  	40.641759 
63.613447  	59.626737 
41.283565  	62.807176 
64.259306  	51.916295 
33.432881  	50.728412 
46.564461  	65.754271 
59.729876  	36.131709 
47.173744  	63.892886 
48.317209  	66.797863 
35.018120  	56.127258 
49.082768  	65.203904 
45.325852  	65.784560 
54.447623  	35.466637 
40.137346  	61.988664 
62.747355  	56.205235 
34.015811  	46.916868 
58.075779  	61.822935 
61.886686  	59.039176 
65.011837  	52.375870 
52.283815  	65.867709 
37.248435  	42.358168 
63.937697  	44.021656 
62.819426  	57.593571 
35.891743  	48.601045 
36.351333  	59.985684 
43.370176  	62.768925 
64.748318  	56.362948 
40.678500  	37.585910 
63.298106  	55.491845 
37.866667  	40.901526 
40.193302  	37.637610 
61.856613  	42.099321 
36.657550  	55.998251 
40.436290  	36.016601 
54.320485  	66.134851 
59.559011  	60.228651 
35.400309  	58.114741 
45.635315  	66.307959 
35.713839  	44.351496 
38.998643  	38.468732 
63.747718  	47.171529 
61.073452  	38.758174 
44.154650  	65.774406 
48.470644  	65.609647 
65.146813  	45.464138 
37.297041  	39.869114 
66.055078  	52.057780 
33.959975  	54.660213 
53.993891  	65.068140 
36.623708  	54.698383 
35.807027  	54.190409 
44.558958  	63.978378 
65.003286  	53.728459 
64.718726  	56.954072 
35.980370  	44.573216 
43.748931  	62.803286 
61.944120  	40.601170 
36.091185  	48.117217 
58.400653  	62.939437 
64.636092  	43.015388 
58.687034  	62.228469 
66.385342  	53.538443 
34.512481  	46.375532 
59.980407  	61.678676 
60.434588  	60.105413 
37.309280  	42.066172 
44.062098  	35.973549 
66.246919  	53.746684 
62.299195  	43.164079 
64.399904  	56.375168 
53.550404  	63.906640 
53.950254  	63.579230 
66.123072  	54.587651 
33.557347  	51.624550 
45.952719  	35.180435 
47.428398  	64.879075 
52.298445  	33.305176 
60.580318  	38.817117 
65.041928  	56.224180 
54.099261  	66.099567 
44.713627  	65.101465 
33.844663  	48.997459 
63.093245  	60.796617 
37.873428  	57.933867 
34.486515  	48.845964 
63.334973  	58.670553 
54.295204  	35.732862 
65.102143  	42.656617 
62.733495  	58.358116 
35.412004  	45.396699 
60.068646  	38.397312 
36.862078  	55.691660 
60.662816  	37.780984 
45.989226  	36.219082 
58.582160  	63.503574 
36.863341  	59.971369 
34.928306  	56.151752 
44.883901  	63.070024 
35.990494  	58.873204 
41.954565  	37.823343 
46.166998  	36.387208 
51.322443  	65.755988 
35.369844  	53.599797 
36.751842  	56.669805 
35.607736  	48.034616 
53.221388  	34.295776 
39.121046  	40.691490 
58.215851  	63.019209 
46.533493  	65.296514 
48.348766  	33.378525 
59.142367  	36.456842 
63.289549  	41.913722 
36.006043  	57.692150 
48.413042  	64.123794 
48.231710  	35.409827 
49.769132  	66.060719 
61.024752  	60.557217 
36.780065  	41.679344 
39.322001  	38.211008 
36.791463  	43.105470 
52.612877  	64.905464 
65.691268  	43.613757 
66.022340  	46.355193 
61.228583  	61.265830 
56.916053  	37.463326 
50.441944  	65.741813 
35.217669  	44.478887 
42.226315  	64.952251 
33.209355  	49.727545 
35.410456  	43.743388 
47.528925  	64.067473 
33.635196  	50.439523 
55.984425  	36.576637 
60.214516  	40.425886 
39.838005  	40.266868 
60.941878  	39.498795 
54.382169  	35.971579 
66.450638  	46.627093 
62.827343  	43.483923 
47.370921  	34.963779 
46.423134  	66.468334 
39.515057  	59.852207 
62.029749  	61.544918 
61.585839  	58.109767 
38.849685  	39.152398 
58.857291  	64.231950 
50.106539  	66.186063 
62.526579  	56.563903 
64.928265  	42.244556 
56.705988  	36.471152 
34.847869  	50.642605 
35.492044  	41.195501 
34.152991  	51.967817 
38.202325  	60.479259 
53.914452  	33.547734 
36.064291  	41.705664 
54.487400  	36.440382 
61.365851  	38.091288 
52.327235  	34.265199 
37.800300  	61.187820 
41.325441  	38.178324 
33.667966  	51.806843 
38.413209  	61.390622 
63.658087  	59.025334 
38.849885  	59.037419 
53.666871  	33.858313 
44.503953  	63.258713 
38.570341  	39.305941 
55.114984  	65.583226 
37.934737  	61.594371 
50.094412  	64.247494 
36.267291  	46.931985 
63.099320  	44.670102 
63.755293  	44.361569 
65.267078  	47.370110 
35.761256  	43.896053 
46.104182  	33.695933 
50.894974  	64.113788 
52.220497  	33.873333 
52.638231  	64.766169 
61.606722  	38.629687 
56.821318  	62.902311 
55.667457  	36.147927 
50.866181  	64.705432 
56.212241  	35.563655 
35.954775  	52.954937 
34.300982  	52.353900 
62.071569  	41.797730 
40.521756  	39.551895 
46.010092  	35.368505 
51.512460  	64.515938 
48.450226  	64.338696 
59.571158  	36.832125 
57.184297  	34.788627 
49.909830  	66.155243 
57.240355  	62.106910 
33.615457  	45.932232 
65.797211  	48.796622 
37.320953  	41.325798 
39.022054  	59.191556 
36.364159  	53.750180 
64.659573  	51.047342 
63.170773  	56.821344 
58.615680  	36.592164 
35.656745  	54.274462 
57.835712  	38.269629 
55.499947  	65.058240 
55.167778  	34.498579 
37.068666  	43.536209 
66.112611  	44.672358 
54.489686  	64.589130 
33.408048  	48.354661 
58.852609  	38.971341 
33.856740  	50.628607 
33.936343  	45.762205 
63.075317  	43.996995 
61.180855  	58.601656 
39.863333  	38.543648 
57.246484  	37.896758 
61.064456  	61.161444 
36.071159  	59.218860 
47.819035  	64.705217 
61.140353  	60.435159 
35.292975  	41.894235 
64.271263  	55.131378 
48.263683  	66.612802 
56.830023  	62.662969 
52.359790  	34.853007 
60.104436  	36.587306 
40.761859  	38.438999 
56.181502  	36.187359 
65.003833  	43.764215 
36.335360  	55.939497 
66.123030  	46.528993 
64.949111  	42.821972 
44.986222  	35.617301 
41.338221  	61.617813 
64.697980  	52.639958 
62.005302  	61.952938 
60.018780  	61.816262 
36.417896  	54.304235 
33.971447  	49.707627 
53.631998  	64.893240 
63.904696  	42.084229 
38.194142  	61.073469 
56.085619  	37.273443 
46.832702  	66.123530 
45.859189  	65.964137 
36.434008  	41.458111 
51.277765  	65.309060 
47.138911  	33.696192 
36.215361  	53.159703 
58.850184  	36.521341 
44.409349  	63.990876 
46.793350  	63.846205 
57.776525  	37.812890 
53.650878  	33.823749 
47.051553  	35.532565 
64.364368  	41.244149 
58.653006  	35.504294 
59.817009  	37.169321 
66.312808  	52.981994 
54.175895  	65.923627 
37.161435  	57.153409 
64.391063  	48.622576 
56.267080  	64.550729 
63.019714  	58.215050 
49.762850  	65.966958 
33.648871  	51.280857 
50.894822  	35.640359 
59.712258  	39.152326 
58.021964  	64.616706 
62.395114  	41.035563 
64.205975  	44.152756 
40.894022  	63.344706 
62.396472  	38.496632 
56.373368  	34.987333 
37.319062  	56.180114 
58.751864  	37.983142 
49.895643  	64.177063 
64.855728  	44.494789 
64.164183  	45.486029 
60.569809  	39.078501 
62.869281  	58.909636 
61.778124  	38.897037 
44.821846  	34.056766 
35.943770  	47.897050 
58.531550  	64.464185 
35.528446  	48.395590 
41.733493  	63.102094 
61.910294  	61.006584 
47.936719  	66.695594 
41.768370  	61.968303 
38.442527  	38.362783 
41.181227  	63.387653 
59.826786  	63.469754 
35.041905  	57.365825 
33.920399  	51.856456 
47.867646  	34.819319 
64.247728  	50.047430 
36.972733  	41.556642 
35.252361  	53.536546 
38.554947  	38.510407 
33.338997  	52.722310 
61.240958  	58.811406 
55.242433  	34.331021 
61.590351  	60.376115 
57.191137  	36.205525 
63.558740  	43.354659 
40.289330  	62.153307 
60.454201  	38.180115 
36.378601  	40.127944 
58.945636  	60.769197 
43.030298  	35.019237 
35.219180  	41.967108 
65.049193  	48.766390 
40.244235  	62.402623 
37.331461  	39.393016 
54.711264  	34.037419 
59.594786  	63.226491 
36.619750  	55.193161 
53.895349  	34.839978 
36.911868  	59.148814 
60.315260  	63.475734 
66.146491  	53.645659 
49.196864  	35.021516 
40.886803  	62.647120 
33.511574  	51.063859 
51.116682  	65.580533 
33.264955  	51.984504 
57.886691  	62.361234 
65.191474  	55.587407 
46.315555  	36.200548 
40.252861  	39.900827 
55.793770  	35.424945 
66.248013  	51.414950 
65.556818  	54.470504 
35.225426  	44.368661 
63.130361  	42.679234 
35.738131  	47.855450 
51.759419  	34.128502 
66.337436  	52.843971 
61.347240  	39.311682 
33.136688  	48.723794 
52.967544  	64.703526 
62.812777  	43.011957 
61.441547  	60.202500 
36.921056  	58.242647 
57.691042  	62.282014 
38.060862  	38.022647 
54.244605  	35.929345 
60.658289  	59.767337 
64.409793  	52.890997 
39.467281  	62.730351 
53.687677  	34.175935 
43.380000  	62.852066 
63.877961  	59.612607 
35.591139  	49.379730 
36.980404  	55.243101 
50.696161  	65.182732 
43.854314  	36.952757 
36.439956  	54.015621 
49.394583  	64.581957 
49.630670  	35.969191 
35.355985  	56.446148 
45.056037  	35.627901 
53.839894  	65.724351 
54.541095  	33.740281 
44.004429  	34.250297 
48.746432  	33.924286 
35.277079  	56.945185 
46.884139  	64.570223 
65.995579  	45.402015 
43.257980  	35.182943 
64.947125  	55.439067 
57.375319  	64.717495 
59.945896  	61.535993 
66.452343  	46.787461 
33.969486  	52.832421 
34.434486  	53.565779 
59.211243  	38.460805 
51.766880  	66.549264 
36.332244  	44.690343 
36.760728  	42.207589 
33.987708  	46.449435 
63.126250  	40.166305 
35.884205  	56.836982 
52.094196  	65.830804 
36.106981  	40.409169 
66.265295  	49.336548 
63.152906  	43.675361 
36.195866  	58.393204 
58.661757  	37.233874 
49.156977  	65.661715 
54.571658  	66.343193 
57.353385  	37.633605 
44.830063  	35.603065 
56.759756  	65.010186 
65.153043  	49.379289 
61.141368  	38.915329 
36.681224  	42.476025 
36.598511  	59.455163 
57.754547  	35.104799 
41.162196  	39.142136 
40.635206  	37.026927 
35.224331  	56.056368 
35.282411  	45.951226 
42.846846  	36.664619 
64.607298  	42.609003 
38.203097  	37.841338 
38.539406  	61.901881 
39.375864  	62.374480 
56.064599  	63.349930 
47.104571  	65.086964 
58.898407  	38.562415 
54.713413  	35.620023 
57.711524  	64.231388 
33.341109  	51.217111 
63.781462  	55.203009 
42.597229  	63.718563 
60.476960  	59.961592 
54.742624  	66.171194 
37.678234  	38.901618 
35.684959  	49.717839 
33.963266  	48.649754 
44.834978  	36.276934 
64.309496  	50.488181 
65.979512  	44.741178 
47.537286  	65.262209 
60.065150  	61.605721 
56.055309  	34.368838 
42.644572  	65.129365 
35.974254  	43.976840 
59.976612  	61.378366 
64.195394  	53.935834 
36.805960  	57.274428 
60.190418  	38.635345 
47.741777  	34.903629 
51.101776  	34.514972 
47.583537  	65.432456 
56.244198  	36.361452 
43.126934  	37.803239 
35.802737  	57.964780 
66.144722  	45.379614 
47.691250  	34.358080 
34.082866  	55.885987 
66.700812  	47.338634 
35.350172  	54.937868 
55.352879  	64.048014 
42.997434  	36.037046 
48.501008  	33.274181 
61.186484  	39.097589 
37.691080  	38.977728 
54.301164  	36.089573 
47.536685  	36.002426 
66.169333  	53.090737 
57.053310  	62.698458 
63.608436  	45.899944 
49.577883  	64.450668 
38.868947  	59.648817 
52.131665  	35.841751 
57.698434  	37.282527 
63.075299  	57.939556 
51.422554  	35.134727 
63.952021  	45.380356 
36.122557  	44.484878 
37.683597  	57.701053 
65.294780  	47.341111 
56.582868  	36.746101 
49.370503  	34.683221 
37.178729  	43.549030 
62.697396  	40.684629 
51.659299  	34.859104 
65.878645  	55.372954 
35.435439  	56.990963 
50.143535  	33.237560 
62.406871  	40.456963 
42.039263  	37.605378 
51.835622  	35.730084 
39.719397  	38.628580 
42.857419  	36.923933 
35.488713  	46.930383 
63.090935  	43.471031 
63.602395  	41.001398 
43.405816  	34.982785 
47.625875  	35.634641 
55.427266  	34.298255 
55.008409  	36.219004 
48.514208  	35.865205 
63.145782  	59.065782 
58.949628  	37.315199 
56.097476  	64.450633 
55.084135  	63.570246 
41.640641  	37.870651 
57.878196  	64.245492 
40.917805  	61.979722 
35.876696  	47.871086 
39.184990  	61.359382 
58.071126  	37.199339 
57.257703  	36.497195 
51.558125  	65.638806 
64.273473  	56.728148 
59.770118  	61.812908 
56.696190  	64.871484 
36.477082  	42.574995 
54.920163  	64.926218 
35.047567  	47.097460 
63.411448  	57.009498 
55.958176  	64.089008 
54.632573  	65.669693 
40.682083  	63.006784 
44.389443  	65.985044 
47.040683  	34.958642 
64.365829  	47.628725 
65.122342  	47.295414 
52.354270  	63.872902 
57.775623  	38.229712 
51.278052  	66.412391 
43.050424  	37.602283 
65.802079  	49.457512 
41.206928  	37.930125 
63.691564  	53.088865 
40.637217  	36.386100 
65.620933  	51.409419 
61.193071  	39.242902 
57.317892  	37.898411 
35.938697  	43.270976 
65.089505  	46.352146 
57.917037  	35.952917 
37.506742  	38.645771 
66.057959  	52.267590 
64.410511  	58.205923 
64.939624  	55.459636 
56.332099  	35.685513 
37.891544  	41.913883 
36.021874  	46.742397 
62.996621  	57.147576 
36.538405  	53.973091 
45.734579  	36.442486 
33.751996  	50.048486 
54.654697  	33.896156 
36.005423  	50.389624 
60.285913  	61.278298 
60.366189  	60.076812 
66.730178  	51.049351 
39.748899  	60.531616 
35.757320  	51.773716 
63.050367  	55.973937 
38.475490  	40.879382 
41.903971  	36.163298 
36.758313  	55.259061 
43.631195  	64.575264 
62.606393  	41.688631 
47.227959  	33.680815 
40.835020  	36.509146 
58.282961  	35.392038 
46.164084  	35.157974 
37.939703  	60.514240 
33.370590  	51.569309 
63.443970  	42.109521 
58.610887  	35.410531 
46.881453  	65.661247 
65.196552  	44.608820 
47.940310  	33.514926 
35.193968  	53.127527 
43.681279  	34.635308 
36.727602  	42.594363 
55.761656  	65.323293 
63.690393  	45.464236 
52.157944  	35.122390 
37.170557  	60.459703 
59.021916  	62.790818 
57.305328  	63.290304 
44.447782  	36.840484 
36.847436  	60.536131 
57.888169  	63.775949 
47.400744  	35.294767 
51.871364  	35.252187 
35.236765  	50.216562 
45.133242  	64.943717 
40.643667  	60.837851 
36.391486  	53.715957 
35.002440  	56.563018 
35.557777  	48.443657 
41.013343  	62.539537 
36.890309  	43.664702 
54.163359  	64.821148 
47.451711  	34.588763 
61.946409  	58.501960 
38.929858  	40.384806 
46.767715  	34.393837 
33.984659  	44.851325 
45.858879  	36.148967 
34.990925  	55.452308 
65.424844  	43.591085 
44.835921  	34.305024 
64.951391  	53.802092 
48.294194  	65.036297 
57.543937  	37.386950 
37.497849  	40.166576 
41.493036  	37.524762 
38.954654  	41.055709 
65.581549  	48.511602 
33.875526  	46.535706 
58.546160  	61.830603 
58.146093  	64.478990 
65.318885  	51.154023 
35.925186  	55.089165 
47.739926  	34.003373 
38.948629  	62.761944 
58.658250  	61.403276 
34.621957  	52.348572 
38.993764  	62.323261 
39.369530  	40.356707 
33.936440  	46.131920 
40.929847  	36.334996 
61.588840  	61.121996 
43.635749  	65.016535 
63.963801  	45.639696 
65.064242  	51.033736 
51.053276  	65.029658 
35.022057  	49.186849 
40.438623  	36.377222 
58.577959  	36.642657 
65.587536  	53.166817 
44.285098  	62.858456 
65.489655  	52.251799 
43.641589  	63.622431 
33.677688  	50.762982 
34.208634  	45.683431 
35.983679  	41.966149 
35.514002  	45.510471 
39.133745  	37.593369 
62.930357  	42.664752 
35.619226  	44.326082 
38.463485  	41.230233 
59.463796  	39.586712 
55.416598  	64.617129 
42.679878  	36.310010 
35.548961  	48.919502 
61.434494  	58.958367 
65.228675  	51.444802 
40.189950  	61.565592 
56.908687  	64.942224 
65.008885  	52.780892 
48.302052  	66.190027 
54.900746  	35.100917 
34.868099  	50.159893 
37.875335  	40.566417 
45.492517  	64.480421 
52.677469  	64.100750 
61.246187  	37.895320 
54.812841  	65.679176 
59.494804  	61.438912 
46.296506  	36.133345 
64.319923  	45.764460 
51.906698  	34.496307 
42.863851  	37.467028 
35.118631  	56.445529 
60.211475  	62.950899 
44.020979  	36.426080 
37.889720  	57.767954 
41.031757  	63.060269 
54.493556  	65.805314 
47.045171  	35.742757 
61.666848  	41.346407 
54.472753  	64.966445 
61.488698  	40.201540 
65.304067  	51.668988 
59.790536  	38.635784 
49.576577  	33.573780 
34.754300  	49.245918 
55.275125  	34.057194 
59.915052  	61.344239 
61.281056  	60.475580 
39.659425  	60.633556 
37.104677  	57.791703 
48.457290  	64.718018 
66.430401  	50.204750 
48.022602  	64.733971 
65.317324  	51.542592 
50.942207  	66.435092 
59.645814  	38.512691 
60.883387  	61.425930 
45.151458  	35.734950 
44.585212  	63.916899 
35.499027  	48.687829 
37.014468  	58.329223 
66.670433  	48.952779 
60.858876  	63.003261 
34.949630  	57.313437 
54.691053  	34.000187 
60.068712  	40.119664 
66.307076  	53.475523 
40.337414  	36.899067 
63.241132  	44.835466 
40.730441  	36.322453 
36.560555  	41.730701 
59.174588  	35.793419 
36.765736  	56.469486 
58.895786  	36.928467 
47.222042  	63.794309 
35.752948  	50.146651 
57.662601  	36.685176 
61.164397  	58.447262 
41.276181  	61.785371 
38.366423  	58.869041 
37.374638  	57.183331 
40.257573  	63.231973 
54.240826  	65.524671 
66.846713  	47.953479 
54.230413  	33.565171 
56.974077  	36.311967 
52.911508  	65.411785 
61.245993  	59.926110 
55.399551  	65.743089 
41.733647  	61.387160 
65.705545  	50.579538 
36.939620  	59.403535 
57.732499  	37.382217 
60.897535  	60.735163 
64.036667  	56.853611 
66.631595  	53.223360 
37.048666  	43.052845 
45.393677  	65.867633 
43.616677  	36.315952 
41.091369  	35.941682 
34.624628  	47.243563 
52.988956  	65.494068 
44.844126  	36.605338 
43.608264  	36.319879 
45.177349  	36.371279 
36.005848  	53.188059 
36.257991  	42.917825 
58.001336  	37.077979 
38.002630  	41.810792 
48.740361  	66.565425 
52.830806  	33.660277 
54.513372  	63.514047 
37.471656  	38.728772 
66.345311  	53.291019 
35.918821  	53.964897 
35.812764  	56.222727 
63.291876  	59.915948 
50.904935  	34.025611 
65.160195  	54.262451 
40.772266  	63.336001 
35.885443  	41.294870 
34.144108  	44.034206 
64.932638  	48.991877 
47.339624  	34.803869 
38.493139  	61.427693 
44.812013  	63.859466 
35.802349  	42.690642 
56.278049  	36.450605 
62.879515  	41.507763 
49.410644  	64.165192 
65.418522  	56.345799 
39.471937  	61.097742 
33.823399  	49.436456 
35.403155  	58.598379 
36.322970  	42.322836 
53.873074  	65.132723 
42.273241  	63.277696 
52.803241  	63.861524 
40.537897  	62.785484 
33.796622  	52.334642 
38.564036  	58.319780 
44.383570  	65.825793 
36.784406  	54.620399 
41.597685  	37.335044 
62.511872  	39.070542 
58.863649  	62.626786 
51.008041  	65.263809 
64.778505  	51.896253 
66.460009  	49.739036 
50.765210  	66.230048 
41.997981  	64.627634 
37.698326  	43.095739 
46.654392  	64.415509 
62.346173  	61.161183 
35.989550  	54.439290 
66.220280  	49.049993 
34.888514  	43.703731 
40.816792  	62.110685 
63.814074  	55.212615 
35.793257  	50.410435 
61.619784  	60.861888 
34.015026  	52.545706 
65.011322  	45.034096 
39.925569  	63.472410 
53.222502  	65.893882 
37.356348  	41.217173 
49.592953  	34.225517 
46.295416  	64.081053 
33.475055  	53.453434 
62.436949  	40.982112 
39.931667  	60.706478 
37.683537  	42.837267 
63.255408  	39.885943 
65.775156  	53.023980 
50.636786  	64.338567 
64.901921  	54.788815 
57.963528  	36.413896 
35.102939  	49.721464 
57.865363  	37.188440 
56.462093  	35.604120 
63.970478  	55.179359 
51.316800  	33.529844 
45.690621  	34.143479 
34.289504  	50.424653 
42.259788  	63.419728 
64.142864  	57.614420 
37.085419  	56.017774 
34.443384  	50.995845 
48.940434  	33.360369 
49.131059  	35.603996 
55.555551  	65.656815 
38.609386  	39.217889 
65.354108  	45.968702 
35.841391  	42.891288 
33.549819  	52.095600 
62.382650  	41.896299 
46.335740  	35.148293 
66.396795  	51.070097 
58.492497  	35.933106 
46.502749  	66.606301 
43.374565  	37.307340 
61.837967  	38.216005 
51.267967  	34.050321 
63.668261  	44.506490 
56.538512  	63.865348 
41.747281  	62.243065 
52.356663  	65.409287 
47.235548  	64.911667 
56.245434  	35.066998 
37.497027  	42.274998 
62.376579  	41.235282 
65.862985  	48.831364 
38.166142  	62.163873 
54.195369  	66.198731 
58.506963  	35.835552 
63.554626  	56.424338 
58.530734  	64.499192 
38.850963  	61.861660 
34.428039  	51.585570 
51.573245  	65.346820 
63.025853  	41.917479 
35.582071  	56.642539 
56.888937  	63.510831 
35.113401  	43.723922 
36.021715  	55.441281 
64.845823  	46.050122 
66.268198  	51.531577 
37.329769  	42.826072 
66.523000  	51.410842 
65.263221  	52.243674 
45.570098  	35.121291 
53.964718  	35.293504 
60.905320  	60.299223 
36.037279  	55.481097 
62.771593  	41.404280 
63.729978  	55.242872 
45.933331  	35.118394 
50.865070  	35.848970 
61.370532  	38.264967 
61.670946  	61.479939 
59.785441  	38.853470 
37.824029  	39.863644 
60.256545  	37.162426 
49.566642  	66.334387 
40.846139  	36.839193 
49.947038  	64.933091 
50.775831  	34.081517 
58.695746  	61.592411 
47.728167  	35.793003 
34.357949  	47.484800 
38.840222  	58.857729 
35.066966  	54.583065 
62.731708  	56.156592 
61.657881  	60.774684 
65.092241  	52.867799 
40.787489  	63.233655 
36.545925  	58.999326 
55.609917  	64.301358 
33.089296  	49.832417 
55.695000  	34.457575 
57.372434  	36.860471 
42.242960  	36.739972 
46.137311  	33.904049 
35.969651  	50.386395 
38.033034  	58.413782 
60.344029  	38.083580 
37.128946  	55.944407 
36.990220  	57.262618 
36.550955  	42.442011 
42.658909  	34.830676 
46.075884  	63.769579 
64.975866  	57.728094 
61.345839  	62.052881 
58.672363  	64.134713 
41.932351  	35.615528 
65.847050  	50.933277 
34.424236  	53.224218 
40.393028  	60.616313 
64.525757  	48.267265 
34.670587  	44.707639 
49.641989  	65.995994 
44.827916  	33.898772 
53.939479  	34.557186 
61.420439  	40.803611 
53.460674  	33.689766 
53.527131  	63.840497 
64.098587  	49.520581 
52.242105  	64.141180 
35.556256  	47.680894 
36.412958  	54.732050 
35.207298  	54.491765 
36.282540  	45.016899 
40.026843  	63.020605 
39.361524  	37.759787 
40.972793  	39.299087 
36.010918  	56.580698 
45.580779  	34.654952 
61.964056  	38.825861 
34.695326  	55.980548 
