-2.109872  	-0.740568 
0.736046  	-8.393940 
-1.490535  	4.977781 
-2.495914  	1.941755 
-2.209313  	-0.344872 
-2.783442  	5.937377 
6.661380  	-5.062215 
2.180454  	6.422275 
6.842697  	2.275413 
3.285356  	-4.025721 
-3.206910  	2.171573 
-5.734290  	-2.473443 
2.954348  	6.802340 
5.626909  	7.767747 
0.197642  	0.980274 
-0.042609  	6.557300 
-2.367814  	1.842133 
1.471653  	5.730117 
-4.225376  	0.382362 
-0.134234  	-1.995490 
-6.929062  	-4.470805 
-6.622823  	4.487562 
5.898289  	6.649074 
0.577527  	8.582917 
-8.359064  	0.355040 
-2.815936  	8.430332 
5.572735  	-5.562789 
0.381515  	-7.606211 
-1.899821  	-2.527979 
-3.712979  	-8.438826 
6.509782  	2.371231 
1.237449  	1.211908 
2.293804  	9.525674 
-5.183983  	1.061283 
7.417527  	-1.407228 
-0.851400  	0.524516 
8.736452  	2.162038 
-9.730825  	0.557709 
2.368801  	9.348197 
7.359785  	-2.614109 
4.446253  	6.725387 
1.585180  	-7.381545 
8.361474  	1.756631 
5.930854  	-0.908281 
-5.379404  	-1.749860 
-3.912382  	8.288140 
2.017893  	8.713674 
-8.774791  	4.359248 
2.635403  	-6.561604 
7.603747  	-0.427822 
0.462327  	3.575787 
-0.291031  	-5.090707 
1.727501  	-0.125462 
4.690195  	0.045537 
-0.594128  	-4.432495 
-4.437350  	0.556707 
-7.386830  	-3.928707 
-4.838979  	7.041611 
-2.461365  	5.093298 
-9.570709  	-1.549686 
4.674963  	7.625269 
-4.126494  	1.723963 
6.832727  	6.270075 
6.605209  	0.609269 
-4.727999  	-4.964476 
6.709375  	0.992110 
-2.357775  	-6.814756 
-1.561430  	-2.135869 
-6.745616  	0.704743 
-7.247265  	-6.517450 
-6.621525  	1.468130 
7.038199  	5.519399 
-7.557460  	-3.299213 
1.395910  	4.129338 
-0.671216  	-6.822717 
-0.357808  	9.791423 
-3.810718  	-4.298654 
-4.080420  	-8.267416 
-4.053505  	-6.210403 
8.056534  	5.752587 
-1.841354  	1.899846 
1.251129  	2.105867 
-3.157217  	-1.425475 
0.561386  	9.832845 
5.667395  	7.802605 
8.516005  	-1.864850 
6.854712  	6.856597 
-2.709606  	-3.107738 
-5.353112  	3.513431 
-5.967204  	6.510950 
-3.828473  	9.129227 
-0.954049  	4.805184 
4.001258  	-1.729143 
5.461104  	4.709177 
-0.789623  	6.883059 
-6.257000  	-5.371215 
8.477156  	-2.266677 
-4.723198  	-2.948119 
-3.643651  	-4.870709 
-6.345158  	0.859633 
1.253090  	9.870652 
1.415267  	-2.999503 
-0.540033  	7.120981 
-6.744941  	-2.122681 
-2.622211  	0.352147 
-2.739585  	-0.703330 
7.624226  	1.694455 
-1.410813  	0.098015 
-8.197042  	3.131854 
1.030125  	3.455263 
-2.489953  	-6.387498 
-2.877501  	3.117689 
2.536680  	-8.340579 
-2.323291  	-8.977879 
7.186394  	-3.218034 
-4.856995  	7.963014 
4.025173  	0.893298 
-9.586306  	-1.450084 
6.795769  	-5.640702 
1.212638  	-4.186826 
9.541419  	2.638433 
8.869318  	-1.528135 
0.572047  	9.147282 
2.393709  	3.642823 
-8.474629  	2.276106 
-5.879307  	-2.904091 
3.137872  	4.599321 
3.441555  	-3.340014 
6.034284  	-0.766428 
8.460173  	-3.524979 
-1.311201  	9.709828 
3.594427  	-5.663929 
3.278693  	-0.500173 
2.490234  	4.774802 
2.633648  	8.721462 
-2.813763  	3.175333 
-1.002130  	3.161603 
-5.505795  	1.298545 
3.834125  	8.080810 
-3.655765  	-4.861623 
3.946336  	-7.171223 
-8.940090  	0.273463 
-3.926145  	-0.765103 
8.261217  	-3.708408 
3.257826  	-6.275872 
0.423667  	9.100577 
-3.762242  	4.104331 
-6.224941  	-5.024949 
0.458115  	4.097576 
-0.527235  	2.173022 
-2.431316  	1.757471 
1.318549  	-7.433803 
3.130838  	2.048866 
2.196369  	7.292185 
1.243752  	0.673113 
-2.380715  	6.027619 
-2.882548  	-8.700053 
-8.354014  	-1.100206 
-2.808595  	9.545250 
5.821113  	5.754532 
-2.939671  	-5.418333 
0.333006  	-6.847562 
-2.676175  	0.915472 
-1.768204  	-9.266793 
7.847223  	6.034988 
0.523455  	9.732728 
7.399876  	3.498833 
7.387173  	6.590119 
-0.104061  	-4.581394 
-3.725499  	4.485606 
-9.591659  	-0.008501 
-5.550763  	4.380528 
-9.279559  	3.299968 
-0.000000  	0.000000 
-3.785928  	-1.291025 
3.589274  	5.011698 
5.005983  	8.481753 
7.698042  	5.633840 
2.853985  	-3.294657 
5.323912  	-6.054416 
-1.054321  	-6.394404 
4.708900  	7.336638 
-1.374531  	-3.018388 
-7.575407  	5.060950 
-0.368600  	-9.584578 
0.298538  	-1.977593 
-3.305274  	1.440542 
-2.046469  	-1.676892 
3.521856  	1.611375 
-2.513361  	-1.297311 
-2.467161  	-5.649169 
-8.156481  	-3.670397 
-3.279027  	5.678730 
0.019872  	-9.746774 
2.577561  	-2.521147 
-0.075380  	5.476707 
-0.967593  	0.252514 
-3.844746  	7.295062 
5.975316  	-4.721821 
0.907515  	5.308146 
-0.524383  	-1.313401 
0.307264  	5.559280 
-3.666142  	-7.386433 
5.123303  	3.278989 
1.859935  	8.517079 
2.598183  	3.905054 
5.180280  	-1.778959 
7.813607  	-0.973423 
6.061138  	7.433882 
-8.061594  	-4.360127 
-1.152854  	8.226234 
7.042003  	-5.514544 
7.734091  	-2.045445 
-8.275279  	-4.303458 
2.059660  	-4.214000 
-5.977377  	-7.366883 
2.170778  	-6.948937 
-2.364586  	6.885400 
-7.500246  	-1.321477 
2.350273  	-4.059090 
3.932500  	-3.087951 
4.228337  	-0.348093 
8.753844  	-4.286048 
4.537715  	2.721973 
5.824245  	7.421467 
0.190038  	1.990951 
4.157754  	1.308848 
-2.507082  	-8.815585 
-4.944966  	3.680667 
0.888208  	-8.259000 
2.449127  	-3.162559 
-3.898834  	-1.673049 
2.531622  	-1.609624 
-4.373420  	-0.934450 
-4.167920  	8.284228 
-4.058031  	-3.678639 
7.734789  	-1.781304 
2.200455  	5.015775 
-3.054313  	6.831630 
-5.701375  	-4.949174 
0.962293  	2.252552 
3.593335  	-0.296552 
2.997558  	0.121024 
-8.491771  	2.981582 
3.421487  	6.106835 
-4.669996  	0.437195 
-5.269672  	-4.269726 
-4.272797  	-5.267182 
-2.827106  	-8.185809 
4.454803  	-6.012880 
-0.800870  	-6.431066 
2.394254  	3.204302 
5.377006  	1.042980 
9.199963  	-3.789549 
8.627222  	2.137998 
-7.789677  	5.226943 
-2.419446  	5.669769 
6.222051  	2.070285 
3.425266  	1.125856 
-6.125651  	7.840689 
8.371341  	-2.433238 
-3.637442  	2.601733 
1.698214  	-0.340690 
-0.301257  	-3.147895 
-1.306079  	5.770109 
0.599746  	-8.039919 
-0.815676  	-7.371206 
-6.081850  	-0.105331 
-4.936342  	-3.410649 
4.754904  	-0.625212 
7.360829  	5.178628 
3.243125  	8.745407 
-4.063794  	9.026936 
6.227497  	5.405393 
6.998515  	0.144188 
-3.460147  	-6.559526 
-6.424383  	-2.174236 
5.723015  	7.365263 
9.650655  	-0.929980 
-3.253250  	-1.554466 
-0.343009  	0.939332 
9.094791  	3.779520 
-5.749081  	-3.154056 
-2.220757  	-7.750370 
-5.097734  	0.114491 
2.564000  	4.052888 
-9.770458  	-1.593157 
5.693018  	2.754914 
3.241955  	-7.449143 
-9.391405  	1.949748 
5.977213  	5.222349 
-5.336232  	-3.677585 
-1.656749  	9.552758 
-2.267111  	-1.363895 
-6.313648  	-2.671676 
-8.901489  	-1.662377 
6.339889  	-1.675056 
8.788684  	1.326285 
-3.410665  	-8.328707 
1.511163  	-3.836194 
6.637093  	-5.911767 
5.662367  	1.713942 
4.649166  	-8.624689 
-1.350553  	0.419530 
6.386470  	-2.052559 
5.314728  	-4.330550 
-3.618798  	7.804121 
-2.030308  	2.424428 
5.413376  	7.049494 
1.737198  	5.475595 
-7.839015  	0.741517 
-6.869429  	-4.670219 
7.759003  	-1.948814 
7.516255  	-0.711275 
2.925135  	1.201493 
-4.890051  	4.252929 
-1.866070  	6.206270 
4.719661  	2.953777 
8.886591  	-1.014147 
-7.265454  	5.934070 
-9.031625  	-1.558767 
-3.361161  	-6.906707 
5.422798  	-3.686904 
-7.845352  	5.143000 
4.449196  	-1.484809 
3.328164  	5.650073 
4.215555  	-6.420989 
-5.790220  	3.236256 
-2.636161  	2.837367 
4.825301  	-5.631738 
-8.147478  	3.823427 
6.832637  	-5.684635 
-0.662592  	8.692581 
2.775289  	1.515840 
-2.333681  	-8.339900 
3.803361  	6.287642 
-6.554936  	7.002344 
-7.821815  	-6.149733 
3.223619  	5.254358 
2.343591  	5.148551 
-3.927393  	-1.255221 
-5.235439  	-7.112677 
0.766139  	-7.100213 
-0.656236  	-9.621297 
1.679057  	1.086632 
-4.904107  	4.236713 
0.336845  	-5.906482 
-1.720360  	-0.200898 
-5.781869  	-7.387150 
-6.675261  	1.854962 
-6.178392  	-2.971107 
-6.718855  	2.976069 
-2.816041  	-2.658931 
-7.341534  	5.486518 
5.876303  	0.684880 
-1.507386  	8.816336 
-1.834905  	-6.755229 
-6.933572  	-1.710431 
-1.410105  	1.418310 
-0.128336  	-0.991731 
-0.041651  	-2.645423 
5.394027  	3.728870 
-4.318097  	-3.058437 
-7.141087  	0.069789 
6.433256  	-1.900845 
3.627244  	2.615932 
2.096961  	-1.613305 
-2.070616  	2.951703 
-4.958029  	-6.117021 
-6.355651  	1.614219 
-4.066930  	1.568464 
2.184135  	0.479120 
-0.007841  	-8.831757 
-1.774498  	-2.418916 
7.289204  	5.086011 
5.408609  	7.857923 
8.562561  	-2.163920 
0.460660  	1.669668 
8.163953  	1.532931 
-2.792953  	8.613908 
9.145886  	3.918260 
1.432660  	2.438747 
-3.870367  	-0.142326 
1.975170  	-7.007047 
-3.248204  	6.515303 
-3.445215  	-2.265059 
6.639240  	6.238629 
-9.418291  	0.543868 
0.049026  	3.316262 
4.858957  	8.330098 
3.222488  	-5.255052 
-4.428649  	-3.793029 
-1.051313  	-6.155870 
-5.065733  	5.508026 
8.024625  	-3.099256 
0.588972  	-0.808154 
5.549421  	-3.033798 
-7.047510  	6.506351 
-4.208780  	2.070306 
3.977501  	-6.097498 
