4.622855  	24.049586 
38.330040  	4.047668 
7.803008  	82.740617 
2.668390  	87.737503 
69.797139  	27.381470 
89.292559  	89.782739 
29.707519  	41.420843 
49.303822  	15.911213 
56.149865  	55.878487 
91.874099  	89.272498 
46.186802  	92.790527 
47.154628  	71.860146 
68.792535  	18.369300 
85.673338  	62.887470 
0.416060  	79.543203 
10.976383  	88.915418 
92.917547  	3.831551 
60.236203  	74.939503 
79.320622  	68.820577 
44.852489  	40.142217 
93.777405  	85.223822 
13.347903  	1.575589 
80.931078  	38.519377 
33.892782  	87.933429 
57.094277  	27.077725 
44.176222  	97.865408 
64.395458  	84.319026 
97.327820  	45.783685 
77.102628  	89.455920 
96.253472  	33.835525 
54.847789  	55.439058 
92.900705  	81.874523 
6.571286  	37.482272 
15.150678  	46.106277 
27.376295  	29.116017 
8.457777  	34.175249 
12.968480  	96.020327 
49.376646  	30.225721 
66.317909  	62.663097 
61.301723  	64.102828 
20.224887  	14.370707 
72.044218  	17.285979 
46.522312  	70.173053 
74.620118  	2.053829 
33.336734  	58.695538 
29.261389  	18.502201 
3.671817  	13.257157 
27.189862  	69.164226 
98.196920  	77.388182 
92.445263  	30.696224 
84.575096  	89.796578 
36.283488  	14.581217 
85.467644  	13.292537 
41.921460  	6.219162 
30.541760  	68.306038 
97.052171  	49.040471 
34.115008  	5.235559 
95.720261  	38.199336 
33.914726  	87.484081 
14.559393  	33.367657 
4.359672  	90.444073 
84.875714  	65.774037 
81.005309  	29.326910 
67.626277  	48.615909 
16.144624  	68.063761 
91.049957  	96.975525 
55.283923  	18.687275 
83.899745  	77.512815 
42.886060  	24.932096 
77.920301  	18.617548 
53.487756  	48.528978 
89.735704  	78.008862 
62.668861  	64.018985 
80.421701  	59.018132 
64.767194  	67.248101 
84.753662  	18.279788 
82.542582  	20.011249 
27.310827  	61.302519 
14.794402  	24.772138 
4.520690  	62.421537 
96.588695  	4.689895 
76.786294  	77.753244 
31.656606  	82.241097 
95.458382  	44.236000 
83.177727  	80.704615 
71.022562  	85.608552 
49.016929  	27.148100 
24.015011  	20.165054 
49.542553  	43.955576 
89.309480  	67.084544 
80.809855  	47.673989 
84.327650  	68.809269 
12.765594  	63.355778 
63.418031  	65.057620 
35.846372  	42.664404 
2.508839  	40.247091 
11.127247  	37.166536 
41.453894  	65.050223 
21.229781  	41.230512 
71.981613  	48.701010 
39.574403  	63.180108 
71.196042  	71.354726 
3.211062  	9.327494 
44.744024  	6.826308 
9.485330  	50.836119 
70.806797  	67.634573 
23.316884  	46.401083 
18.511955  	47.661782 
41.395446  	79.547069 
66.772718  	85.070113 
88.089990  	77.015977 
28.942608  	95.026826 
25.585625  	75.383952 
52.549307  	95.429632 
49.127768  	46.347552 
22.281082  	55.260404 
13.317836  	87.480869 
11.623602  	20.321041 
78.072050  	61.300577 
81.377258  	0.507979 
73.603800  	80.348010 
64.857915  	19.430756 
62.068797  	41.484109 
30.195296  	38.140412 
52.608744  	55.077700 
36.738389  	16.095759 
28.480503  	38.136101 
58.939537  	41.472853 
5.617504  	24.228770 
70.346108  	50.530657 
28.175696  	22.331986 
79.512375  	94.789555 
2.807237  	66.859426 
32.780185  	19.155602 
10.229450  	62.946738 
43.659530  	38.986954 
9.576219  	14.281215 
97.971825  	46.954453 
79.984339  	31.817458 
36.225682  	58.453345 
7.003900  	35.195864 
81.745011  	67.798531 
82.798038  	88.107021 
21.252246  	25.674195 
18.541766  	26.284474 
13.837419  	18.762944 
74.234105  	27.196279 
60.611047  	42.147152 
24.701530  	69.091917 
0.394047  	11.021074 
69.248270  	39.024409 
84.824533  	14.070084 
85.613893  	28.207241 
48.627768  	52.464711 
95.407429  	42.645174 
55.129507  	22.368126 
18.954876  	56.246336 
42.568967  	1.577107 
93.551269  	1.707221 
4.508699  	52.844032 
6.764807  	85.907020 
96.118336  	66.437687 
91.898822  	33.403062 
51.780379  	0.368886 
86.469060  	75.199761 
51.544479  	98.777142 
2.511639  	63.659800 
82.531945  	55.906505 
97.269539  	68.403466 
92.704620  	47.015512 
50.646230  	21.685451 
0.476584  	84.659022 
70.999689  	21.195108 
2.858302  	48.767897 
67.500200  	36.953538 
23.909509  	92.258505 
16.035744  	66.935826 
45.086907  	82.417912 
56.231724  	96.694458 
78.411373  	65.555484 
14.705199  	36.341603 
34.094389  	40.779918 
47.514284  	43.395360 
27.598939  	94.766852 
41.674655  	5.780008 
60.235731  	62.356719 
8.249035  	79.386897 
73.362916  	14.087630 
43.625710  	56.006274 
79.002035  	60.987564 
93.826240  	67.877721 
4.208363  	2.589673 
7.442434  	54.909449 
75.701233  	75.350844 
89.566118  	41.464984 
63.693287  	59.747686 
81.891160  	9.513085 
14.866630  	55.049804 
76.741206  	58.226813 
28.644189  	38.475762 
9.449099  	73.508556 
35.034376  	16.948867 
14.996251  	92.797953 
41.973615  	38.709643 
76.075737  	71.841181 
69.365992  	4.069073 
52.610432  	8.647497 
53.390418  	25.013151 
62.619885  	86.485877 
98.026041  	78.566645 
73.648571  	20.070168 
95.678625  	46.640435 
73.996766  	16.876464 
46.528892  	50.937027 
83.089403  	95.583966 
24.089183  	78.863249 
62.285016  	74.936486 
84.504306  	41.162657 
78.163020  	1.636303 
71.803837  	56.904472 
26.184201  	40.756121 
26.271289  	34.970933 
96.164549  	54.601401 
37.775723  	95.354480 
25.278124  	15.244038 
41.397354  	89.668859 
50.820673  	39.089287 
66.283038  	73.473579 
0.031279  	16.876515 
59.614379  	92.011044 
64.947097  	70.385136 
27.727108  	39.738954 
15.426722  	39.153084 
65.825075  	6.969722 
15.837736  	70.374422 
63.929789  	70.163648 
74.204535  	26.809823 
95.207211  	15.819414 
20.977134  	46.039691 
74.714185  	43.879895 
83.099740  	81.446154 
80.925318  	9.813803 
8.114678  	70.315337 
98.440436  	48.998891 
91.176225  	43.062324 
73.094792  	63.160582 
65.013094  	51.998009 
48.922822  	81.491192 
18.379113  	98.869307 
73.610686  	69.349399 
20.717468  	40.719398 
12.429623  	60.107748 
6.434282  	42.369657 
75.498347  	22.747859 
25.744107  	64.628193 
9.973999  	44.599078 
64.807795  	75.124964 
55.115243  	80.809346 
3.217509  	40.853782 
21.236539  	25.272076 
98.179633  	22.762971 
3.216381  	15.239772 
52.337927  	11.465450 
35.380378  	57.918451 
64.608704  	90.716612 
78.509454  	22.163042 
29.072847  	96.286177 
93.981952  	25.872943 
70.630552  	18.630314 
11.589342  	17.863620 
76.623658  	54.555020 
35.990875  	95.472610 
71.376346  	13.202916 
50.396244  	97.625699 
43.386971  	64.526169 
88.375450  	6.227204 
83.574443  	31.692417 
63.063559  	45.396945 
65.138350  	70.106371 
52.440416  	20.331818 
43.905402  	98.985513 
63.647655  	32.265032 
17.761653  	37.229733 
73.540135  	53.888422 
2.501395  	50.094190 
91.324054  	37.252411 
0.434626  	4.414492 
56.265010  	1.553124 
90.432360  	58.664166 
5.205773  	18.856731 
27.821677  	22.665349 
44.514769  	45.243353 
4.603667  	78.740871 
94.460105  	53.304786 
1.887973  	16.717681 
81.192654  	69.207355 
1.372877  	67.103301 
80.342598  	34.287389 
81.267315  	25.682862 
91.506446  	93.640232 
55.134869  	97.541035 
67.683786  	51.635239 
80.352897  	63.620959 
76.554813  	4.195771 
68.797923  	26.500246 
6.131089  	88.689620 
41.792530  	87.817100 
91.069147  	58.659539 
4.306732  	76.115370 
75.842516  	31.238323 
27.192086  	35.711174 
27.076209  	99.954876 
79.607131  	46.607157 
43.786644  	75.887350 
5.909842  	32.278888 
31.250755  	99.867296 
33.908924  	9.878077 
66.742182  	94.837043 
81.576434  	3.648627 
55.513262  	66.893187 
24.118824  	69.397050 
92.110493  	5.730204 
92.670787  	70.738292 
10.642782  	36.223677 
64.640685  	49.146251 
77.662403  	39.685135 
32.034583  	28.241263 
32.259549  	77.463876 
28.526033  	20.156194 
11.996725  	4.388205 
74.963969  	44.414755 
36.944787  	62.935381 
59.029386  	18.902223 
43.203955  	75.689715 
38.278427  	42.222616 
57.345445  	52.318095 
91.850913  	62.387113 
37.197448  	94.583822 
63.154545  	81.022620 
63.705094  	35.359298 
31.355252  	64.867709 
44.743091  	75.629528 
81.745137  	18.033725 
45.534855  	23.236711 
48.709765  	4.189675 
64.941628  	92.452513 
39.834645  	12.326472 
90.421023  	99.800154 
96.234493  	37.313355 
55.037447  	35.128162 
39.154767  	47.961365 
28.979318  	96.638594 
21.847784  	83.553465 
20.173366  	91.983561 
71.941346  	11.028742 
74.977610  	33.610761 
88.188807  	20.599568 
41.982455  	32.936427 
72.924018  	20.618111 
56.463874  	92.679120 
45.740574  	29.460027 
83.139916  	37.130941 
33.099392  	61.705883 
94.854333  	15.445587 
81.817885  	95.540064 
18.659842  	24.626905 
68.705442  	5.632664 
52.580484  	35.301716 
80.473198  	27.167142 
98.899963  	35.780103 
20.927341  	85.547232 
32.916540  	37.190627 
24.757589  	29.255470 
58.604978  	9.201466 
59.717909  	92.639465 
58.686597  	97.290473 
94.620956  	99.436974 
64.045807  	9.807513 
11.594863  	53.090316 
67.612644  	35.770476 
2.655984  	28.175744 
12.661909  	89.098113 
68.941881  	41.736504 
96.154168  	82.029643 
84.616822  	6.076678 
71.654043  	50.689015 
39.770606  	37.429154 
14.421363  	70.326994 
95.003018  	35.178128 
0.167963  	69.104220 
53.927937  	17.983742 
22.030635  	28.571698 
45.147579  	50.514072 
50.502959  	68.199740 
9.227746  	10.546736 
32.428168  	97.406257 
6.916125  	82.490573 
28.932885  	94.563856 
69.521045  	73.915735 
60.498948  	67.951140 
46.063128  	72.380429 
94.342195  	74.700378 
69.509651  	68.307033 
5.680178  	81.790201 
43.755741  	71.452540 
40.451340  	90.602761 
97.954384  	17.110742 
0.823094  	27.724629 
89.740241  	5.820135 
83.541097  	84.869796 
94.252277  	53.606718 
77.095799  	26.894369 
25.549593  	82.002983 
13.761033  	49.285677 
7.827302  	54.526339 
36.751080  	22.409730 
31.173210  	19.532753 
11.914989  	94.548527 
23.761969  	21.776141 
11.736294  	43.414456 
15.307344  	74.311552 
39.325799  	31.900075 
67.096603  	32.289425 
88.083267  	84.302954 
0.081421  	18.230967 
46.196606  	85.492024 
16.836459  	79.481727 
68.190938  	13.542053 
84.415330  	99.049674 
73.435508  	21.309308 
27.768394  	42.179267 
52.455912  	97.885202 
34.399982  	82.418820 
53.663808  	10.821174 
7.313040  	28.338373 
65.500663  	97.450299 
73.407708  	33.936638 
24.868593  	11.530612 
74.632255  	99.130591 
48.561730  	82.147263 
77.111398  	87.504404 
36.857146  	70.879616 
71.343436  	74.199328 
19.042010  	57.419735 
36.612773  	70.472705 
56.179266  	50.581006 
57.419613  	48.487150 
84.487343  	94.032493 
88.273185  	50.336543 
23.160689  	55.969690 
21.639289  	28.412023 
87.568768  	92.270112 
26.053218  	94.913653 
34.053969  	87.900430 
31.211762  	45.790792 
47.570819  	76.255158 
97.621310  	75.698579 
41.471454  	55.771816 
63.628064  	3.841439 
49.790848  	9.808825 
81.848089  	38.765698 
29.425437  	89.704555 
48.812043  	76.881757 
29.585080  	7.653466 
65.079111  	61.412672 
52.247252  	33.348374 
38.907754  	11.011077 
26.931197  	35.195577 
52.547528  	15.121155 
87.805532  	0.872240 
60.505533  	74.698368 
0.565887  	79.158331 
8.992147  	11.820376 
35.978624  	52.834438 
52.874756  	65.367848 
61.045270  	42.062546 
33.998871  	8.685810 
48.539749  	94.281722 
68.248718  	95.095833 
39.931509  	33.762829 
48.071826  	96.699283 
54.593470  	10.610137 
47.623044  	22.227089 
83.459773  	36.960957 
80.202396  	7.189847 
93.479871  	80.358773 
31.280136  	82.070587 
24.913290  	26.046403 
0.403641  	15.848804 
94.065963  	17.159916 
38.046006  	60.954953 
59.865636  	23.386049 
87.617047  	51.097512 
6.970825  	14.929244 
90.750181  	25.311777 
96.839708  	57.974453 
14.903389  	92.459527 
44.034345  	56.145740 
59.354001  	98.117036 
27.245655  	72.740576 
31.196362  	8.845970 
51.485499  	83.470621 
27.309128  	98.909406 
92.173320  	30.190370 
38.510984  	5.872032 
28.138414  	84.790958 
19.153776  	24.666533 
94.694051  	86.833330 
37.089012  	75.131668 
37.148360  	86.286503 
83.643604  	54.180630 
31.408634  	98.643094 
76.409914  	94.719461 
28.190081  	33.816225 
66.599123  	37.123229 
15.610360  	46.467713 
7.805460  	87.489818 
54.719801  	56.700918 
76.774824  	22.554133 
72.027302  	12.380931 
37.739120  	38.586357 
79.745341  	59.104411 
67.658609  	19.740872 
16.842461  	63.460610 
37.830519  	68.698241 
3.372146  	37.945906 
0.371868  	42.663386 
59.770771  	65.007446 
11.438761  	67.170219 
83.682782  	61.136961 
85.865577  	90.450604 
5.119809  	9.558375 
96.338085  	40.553614 
53.184153  	3.065580 
81.898715  	19.901137 
14.549187  	90.233829 
9.163600  	27.756741 
79.487768  	24.270957 
69.293377  	91.226328 
12.376070  	80.641948 
75.764687  	88.200240 
61.495774  	73.488292 
92.971121  	49.313009 
71.873298  	50.947085 
16.426936  	53.631335 
74.540312  	92.649437 
40.770202  	32.977122 
62.079595  	92.280182 
74.468213  	89.791842 
3.681014  	81.656445 
31.162447  	20.320538 
36.074271  	14.784776 
98.544433  	15.394191 
18.111446  	2.452268 
19.320936  	3.534436 
64.311785  	75.487113 
84.019633  	14.622939 
7.296922  	98.195692 
47.357226  	48.161500 
46.227907  	49.546480 
4.534770  	79.526542 
63.486273  	1.325249 
86.472578  	52.664337 
90.311442  	84.658953 
2.081007  	12.605397 
15.084104  	64.140691 
77.117090  	25.507940 
41.232759  	58.711758 
27.630702  	2.476630 
37.930930  	82.500354 
65.777148  	47.389753 
60.415035  	30.725458 
76.932318  	75.298257 
14.089919  	58.519243 
37.365097  	53.796534 
89.761487  	85.321653 
11.855773  	12.670307 
43.309648  	44.270123 
19.334968  	74.904651 
30.436152  	23.280733 
59.313825  	81.824524 
53.385748  	68.149258 
25.177856  	87.659596 
7.342638  	89.273674 
90.167560  	86.004370 
99.211185  	17.005690 
76.976045  	85.315626 
67.222686  	81.213559 
19.856108  	1.244375 
84.951740  	14.919344 
61.425569  	26.647979 
28.270718  	18.069332 
73.287217  	66.681285 
47.295137  	24.189089 
46.390192  	71.736730 
5.050635  	55.002290 
74.045845  	19.478608 
99.944888  	89.127358 
98.870548  	73.003942 
89.412492  	43.818728 
42.792488  	93.936366 
21.119540  	26.145597 
29.739566  	64.481881 
12.905286  	96.968454 
29.785818  	9.859322 
32.734880  	10.635765 
5.085605  	66.038681 
78.940967  	4.868737 
94.707637  	6.747654 
0.061398  	63.392201 
29.131378  	87.897963 
60.074545  	34.576881 
96.441190  	97.740352 
51.244299  	70.909702 
24.633289  	6.181093 
74.645515  	41.963274 
29.276242  	22.446932 
90.239467  	75.753783 
34.181823  	14.026647 
8.204639  	63.481502 
83.187464  	86.207461 
46.981021  	81.946559 
70.946827  	62.056533 
94.550550  	93.908675 
56.112098  	8.621789 
95.695602  	44.869832 
21.511444  	4.640173 
1.536721  	64.359791 
14.547205  	99.688009 
26.128091  	16.219730 
69.435591  	44.780737 
93.607880  	45.063617 
42.064065  	27.640183 
63.444159  	59.996333 
87.455028  	95.924441 
14.317262  	27.178925 
58.245879  	13.444221 
69.343299  	57.303982 
46.410974  	7.606688 
46.199142  	34.739347 
94.473541  	32.895268 
44.554554  	37.392960 
26.645872  	47.188094 
62.148267  	11.499358 
89.774392  	29.202814 
27.891885  	45.348827 
50.150859  	26.055958 
9.209129  	2.485703 
57.312462  	34.488822 
69.928699  	75.021177 
31.190622  	57.317550 
17.550148  	1.528322 
54.616014  	10.595593 
54.928410  	65.027577 
66.233506  	75.751008 
99.635452  	58.705220 
35.628720  	64.749785 
81.918901  	40.530472 
43.837299  	55.975188 
31.512861  	91.851481 
72.887738  	74.422271 
54.126010  	57.431988 
75.838151  	32.009533 
38.266344  	12.048884 
15.852235  	96.659764 
3.951435  	98.480352 
87.298455  	39.838434 
3.788793  	64.941537 
35.921571  	23.942970 
73.168849  	89.802329 
96.433849  	40.549472 
97.290844  	43.130790 
50.811437  	17.775418 
95.324684  	4.421969 
84.749456  	23.637937 
89.445395  	16.012232 
66.942749  	98.923471 
98.011933  	48.430553 
19.585938  	24.042524 
24.757953  	14.651756 
69.300944  	13.480885 
97.844925  	16.192928 
98.161930  	13.658863 
39.012209  	40.755486 
1.728411  	89.734388 
98.401033  	51.455593 
25.229665  	12.180430 
52.044932  	50.795093 
9.969696  	5.931313 
13.613691  	73.770218 
3.514602  	78.721581 
65.647636  	72.916052 
26.558145  	58.447315 
63.418830  	52.309561 
58.838843  	22.298805 
70.812567  	65.990821 
75.164485  	64.539986 
51.033423  	6.849729 
73.736050  	28.859594 
5.710778  	29.057646 
82.319954  	88.884871 
23.127328  	13.417741 
18.720538  	39.488067 
36.286781  	9.779049 
92.046772  	66.883459 
71.201499  	1.513893 
61.520953  	36.265987 
65.669186  	37.255060 
82.771626  	9.936123 
26.613545  	28.645362 
0.703617  	42.906048 
96.936477  	18.229008 
93.106996  	20.679687 
33.785526  	19.437804 
95.215714  	91.415765 
21.157598  	31.254902 
75.706633  	96.974031 
6.296200  	29.625678 
96.380521  	52.547082 
29.040736  	5.250822 
23.535532  	18.012453 
26.874951  	89.849627 
71.840266  	66.103260 
65.586051  	7.531456 
92.034641  	63.243384 
4.136912  	34.987835 
14.411824  	18.096619 
35.996811  	94.232866 
35.709617  	15.186658 
7.051921  	92.777186 
99.230459  	84.193108 
9.270536  	5.282697 
35.205276  	77.523622 
23.610743  	40.750976 
48.478052  	57.970165 
35.391830  	79.850628 
0.042093  	63.264286 
40.754397  	41.824352 
91.754690  	59.100250 
24.070506  	53.114887 
93.950338  	32.269976 
80.440688  	14.778512 
69.284333  	60.298266 
42.181125  	32.866902 
81.943285  	42.101283 
38.817274  	49.568909 
93.351482  	43.074185 
49.176197  	15.445528 
48.506319  	79.590877 
58.097791  	39.618850 
25.027210  	8.197397 
99.282377  	94.641856 
28.398379  	18.003777 
51.926469  	86.858799 
42.375807  	39.048781 
18.354633  	87.834110 
85.233131  	53.090434 
54.138936  	7.842352 
92.960064  	44.211757 
37.231456  	89.303887 
50.680595  	99.935544 
92.195345  	87.805150 
65.553542  	0.189696 
31.211529  	92.425437 
10.788322  	44.067800 
66.421353  	87.549385 
69.469635  	89.641490 
39.490474  	44.778773 
59.652726  	59.222275 
12.197948  	85.693382 
14.459487  	55.454155 
0.114881  	59.264232 
43.197684  	30.703751 
68.600829  	96.558976 
10.842938  	12.713809 
66.628695  	45.447739 
95.305880  	51.402216 
97.339172  	27.732537 
2.433938  	81.244737 
59.002567  	48.675141 
89.573688  	81.815637 
52.004526  	89.231222 
26.665653  	85.706790 
70.557930  	4.946986 
39.113088  	15.283620 
71.565938  	57.989160 
51.191568  	7.720166 
5.184006  	73.325822 
8.922614  	24.208130 
76.883896  	64.882030 
4.951864  	79.238727 
15.242871  	59.431421 
37.998511  	40.843728 
79.712082  	39.486652 
21.235566  	33.075115 
86.713024  	90.017229 
84.113280  	1.567653 
60.671266  	27.207702 
90.984326  	85.004202 
57.993788  	8.966275 
17.962603  	90.138521 
34.074879  	16.583382 
97.187554  	41.379142 
26.491487  	10.076054 
37.369261  	3.862679 
61.323230  	18.212801 
71.361579  	99.650747 
15.945273  	87.425683 
82.513933  	81.286472 
21.468618  	71.635491 
59.251887  	52.073924 
82.167363  	16.900511 
40.162615  	85.438556 
87.264791  	62.269887 
24.171735  	54.264724 
35.844843  	20.133777 
94.372221  	82.468274 
23.497712  	57.387907 
58.866704  	86.099540 
58.419488  	12.521156 
65.160221  	63.349341 
74.213364  	80.993778 
73.102785  	82.393470 
16.959225  	68.257497 
5.134565  	16.262460 
68.471598  	92.013608 
39.096408  	14.324870 
84.881911  	44.971311 
98.454998  	9.195880 
58.555913  	54.179919 
48.681403  	12.057101 
91.447732  	43.749876 
24.773882  	84.946304 
36.992783  	78.085614 
42.728623  	46.074208 
0.381955  	63.763881 
89.152069  	50.168311 
77.484795  	83.016461 
99.184446  	73.670729 
34.918553  	57.088672 
4.057916  	24.175321 
72.086778  	37.062252 
84.164649  	57.786548 
81.963592  	25.989569 
65.613286  	75.126835 
40.313399  	75.436475 
44.150296  	69.625177 
47.614243  	63.440911 
30.317758  	31.895807 
78.596377  	2.402962 
41.883473  	56.899018 
76.324108  	57.027596 
31.928065  	39.271001 
59.301117  	62.921138 
11.514829  	7.767268 
0.877542  	91.698621 
69.842775  	98.930390 
17.141354  	40.690566 
73.063599  	90.421537 
70.021730  	50.082439 
86.161841  	56.375364 
78.512284  	32.644515 
60.929399  	57.171379 
12.225787  	61.354668 
29.480410  	78.511876 
48.727938  	50.219767 
32.863227  	61.400014 
8.357451  	57.474161 
21.341371  	79.819195 
22.786609  	13.462984 
43.571041  	44.706988 
86.031803  	14.706463 
19.485298  	87.838204 
3.479629  	3.763675 
2.122024  	22.101458 
6.853185  	9.681599 
17.858546  	93.742445 
4.847505  	24.506747 
24.178611  	8.061644 
6.545868  	65.463447 
93.283782  	86.999241 
14.713948  	56.203817 
30.418562  	14.021640 
87.414208  	31.355480 
93.253195  	81.396245 
36.091306  	4.525976 
28.269583  	87.013500 
25.815266  	30.147457 
72.514524  	50.967439 
42.330573  	23.322078 
57.588317  	63.430882 
50.545878  	29.493996 
82.001109  	93.108833 
37.731896  	24.442726 
44.994718  	69.340367 
46.411456  	36.826876 
61.494053  	42.201426 
87.807925  	29.490164 
84.521402  	1.909033 
47.024354  	71.230801 
21.589405  	19.811301 
83.480786  	46.824840 
54.140826  	69.970230 
63.151872  	26.973930 
8.525095  	68.617594 
45.031566  	94.229295 
8.998263  	29.536836 
24.682568  	22.501823 
3.326624  	44.949227 
6.506277  	98.437203 
99.387950  	72.285245 
80.785989  	9.148955 
50.664705  	99.885887 
57.310431  	22.703783 
32.320650  	3.504494 
53.064180  	61.532258 
83.144860  	60.851417 
64.091612  	45.387238 
96.902207  	6.805177 
93.761019  	56.777028 
21.306826  	49.836591 
73.708311  	41.815211 
3.457571  	82.224735 
71.144533  	67.875928 
15.697980  	32.060393 
60.876603  	1.671284 
76.819224  	41.827133 
44.397063  	38.893753 
12.194423  	51.878737 
82.620700  	96.757206 
40.763729  	49.480129 
81.864776  	77.627730 
60.169990  	59.072558 
77.987628  	61.481941 
80.698923  	63.034588 
26.791483  	23.556054 
78.845578  	74.490920 
36.640761  	7.629899 
42.588276  	91.067983 
83.068354  	40.757179 
52.489046  	53.063404 
69.623424  	23.919088 
58.385984  	94.723250 
10.323456  	45.692534 
12.960741  	55.617984 
24.688692  	93.836316 
5.872075  	87.016357 
5.366729  	21.275557 
7.386484  	62.300537 
52.174590  	36.425224 
35.037152  	94.840208 
49.733296  	74.065192 
49.585158  	20.951774 
39.906957  	90.925859 
25.294606  	43.029781 
59.977271  	71.491670 
60.332444  	7.712204 
93.875297  	47.330229 
79.019565  	97.178504 
58.052952  	23.182481 
38.317993  	66.875539 
66.743216  	2.542239 
4.178339  	10.801589 
51.709011  	82.534738 
64.018179  	20.419721 
51.816742  	60.527714 
94.730443  	90.226769 
5.198697  	39.610159 
27.576248  	28.712179 
77.192077  	7.175489 
10.762119  	73.730698 
14.516455  	29.372681 
94.256428  	53.740143 
93.181134  	35.583061 
30.973300  	75.133569 
59.572231  	80.480999 
84.617174  	16.466734 
23.007649  	25.488587 
95.881221  	54.431129 
24.700425  	82.865716 
34.288404  	3.724058 
24.963503  	19.578022 
15.890944  	23.738180 
91.549206  	57.842878 
88.883656  	87.417134 
25.003028  	46.496122 
17.265019  	1.761293 
23.079663  	35.257752 
18.512971  	59.390126 
11.473410  	71.435310 
43.521264  	51.368210 
89.595501  	46.252413 
22.954506  	27.814888 
20.326438  	75.459599 
92.685471  	2.490194 
7.631512  	91.790492 
23.451976  	55.408257 
48.084052  	79.727347 
7.958723  	85.082594 
38.500075  	60.887538 
45.641822  	8.605570 
39.325598  	39.485383 
9.128365  	57.957935 
67.051609  	26.668833 
59.647767  	45.877599 
79.159136  	94.491597 
25.583818  	57.002072 
18.224170  	88.788604 
41.215038  	70.210056 
53.437652  	80.982646 
84.934409  	57.433676 
73.511136  	12.378073 
98.649740  	8.448487 
21.160335  	97.232487 
32.771510  	34.932937 
48.052241  	25.387520 
15.062636  	35.937861 
49.640947  	61.347190 
38.473318  	60.410199 
67.538508  	54.956723 
27.344332  	99.078854 
22.836834  	87.775988 
40.659729  	19.171809 
55.192081  	23.140311 
59.292801  	69.477606 
44.721097  	87.237826 
29.739532  	68.595590 
95.766519  	6.824097 
9.394520  	66.504962 
10.274434  	80.303439 
26.171322  	12.964213 
55.832299  	84.982849 
93.875920  	81.843595 
34.888007  	82.641993 
89.192301  	83.624474 
65.981815  	26.020871 
96.457084  	15.206373 
66.559279  	81.654057 
53.265819  	87.347769 
17.004825  	62.380788 
83.886422  	45.531412 
45.911769  	33.862486 
54.289751  	20.773006 
85.166691  	34.901654 
72.139474  	24.401720 
82.771111  	0.746205 
4.706416  	80.316422 
99.073305  	47.013905 
12.516196  	18.103332 
56.939724  	31.915423 
46.603396  	19.678504 
26.574128  	68.766163 
25.043757  	50.594377 
90.310203  	98.169238 
90.071764  	33.114519 
90.153230  	87.470306 
46.150785  	90.448290 
38.740219  	29.544236 
66.824066  	0.338631 
53.645063  	11.658939 
59.397104  	88.976948 
49.802524  	25.017092 
22.737777  	99.682650 
33.729542  	94.840246 
58.686246  	98.236443 
82.484000  	17.933257 
39.288188  	62.376653 
76.570699  	27.496026 
26.114895  	23.248336 
71.013076  	61.579810 
36.950570  	46.182203 
9.503186  	41.952844 
55.739319  	49.792772 
54.757056  	23.804239 
36.405930  	56.647803 
51.804872  	19.629392 
0.501095  	31.063262 
75.666809  	67.552718 
66.330173  	69.085868 
56.421931  	28.993113 
8.042997  	69.176410 
66.678695  	29.677276 
68.323414  	81.766224 
26.200944  	15.342367 
67.340457  	71.039792 
72.027566  	83.610051 
0.268744  	33.370077 
9.915273  	23.235347 
98.986651  	56.184058 
44.523421  	20.024607 
35.700276  	57.168254 
68.830861  	11.798563 
26.726471  	74.166107 
57.206088  	93.093026 
97.855005  	59.849688 
33.297184  	92.025192 
54.733526  	47.761266 
66.376994  	24.978011 
63.897236  	2.940625 
54.009955  	72.730745 
27.134848  	76.828231 
46.643144  	23.313823 
5.428140  	3.478372 
27.662838  	56.787638 
40.772028  	24.926359 
62.312636  	98.582662 
38.567840  	84.992241 
46.240071  	63.805409 
42.354512  	65.949548 
97.110628  	46.594226 
74.294438  	14.281375 
49.880171  	83.992134 
89.261108  	8.614271 
6.974268  	75.203804 
8.043187  	27.932595 
70.359815  	29.017778 
5.833326  	47.962043 
96.982795  	57.447045 
76.957991  	1.429275 
2.203310  	40.883400 
90.501842  	30.593886 
71.329331  	31.067921 
13.866767  	37.177002 
73.214153  	62.000207 
69.344256  	66.876212 
88.921238  	24.685536 
31.461149  	38.334223 
42.279587  	86.491248 
4.353171  	0.881249 
19.085005  	52.888720 
8.289545  	96.583053 
66.551306  	74.345219 
21.110794  	83.607177 
27.448300  	6.683098 
86.289308  	46.861447 
11.597665  	74.701030 
60.292749  	74.930298 
77.185925  	81.881543 
46.500910  	8.388758 
57.643860  	35.825101 
97.701247  	75.949189 
34.276048  	5.494982 
38.746959  	65.806333 
18.330580  	79.624391 
66.473538  	53.284780 
96.365899  	78.311032 
15.872934  	33.985350 
70.382467  	55.755161 
26.454732  	47.676369 
78.290190  	61.672501 
33.086446  	24.338075 
55.659423  	26.585715 
20.458040  	25.112444 
20.122346  	52.340125 
18.151111  	39.034699 
30.469500  	3.629609 
10.397094  	21.605379 
94.255571  	45.236186 
44.863931  	44.236432 
93.318978  	14.449234 
42.311160  	99.760557 
83.031531  	19.675030 
55.938755  	18.590702 
94.912832  	6.703215 
53.379199  	90.548848 
39.249199  	35.216828 
14.428542  	47.172993 
65.984892  	45.855739 
90.122309  	56.729121 
56.836277  	34.674630 
95.686825  	73.693688 
13.328318  	24.600564 
63.707377  	74.593269 
68.401520  	19.180163 
69.788408  	74.454329 
39.619700  	31.836594 
30.982770  	37.346211 
78.551277  	87.217898 
98.628107  	41.400333 
60.457647  	84.461734 
24.714075  	39.282932 
19.265037  	72.486338 
0.831291  	91.732061 
35.879646  	98.048764 
80.504483  	68.113990 
70.778488  	4.051377 
33.932839  	22.754659 
87.650831  	53.478452 
57.461117  	42.058725 
39.394612  	69.424301 
47.724316  	80.383858 
28.883559  	46.013727 
18.170625  	62.853024 
64.809708  	6.539296 
64.174234  	13.242786 
75.545786  	99.071478 
97.387560  	52.667283 
42.409247  	83.033503 
94.416632  	80.970275 
66.237586  	2.215604 
59.666993  	16.935339 
37.020991  	97.565324 
11.595052  	72.413699 
80.064208  	97.622629 
65.911366  	71.338841 
75.906100  	4.839846 
22.707954  	21.300844 
61.471586  	58.494163 
3.429326  	83.551609 
43.348629  	74.990865 
48.359375  	66.199071 
62.592076  	11.892615 
79.887737  	67.162338 
92.354693  	2.430917 
11.875048  	70.451677 
43.423513  	36.986490 
79.735087  	89.270951 
41.517196  	84.077068 
99.528661  	77.020067 
82.058028  	88.618360 
92.631380  	65.928998 
24.400345  	63.728248 
70.687271  	77.499071 
42.033140  	46.452779 
27.865066  	39.963321 
0.228345  	95.322883 
63.099267  	84.215712 
56.661855  	91.262416 
84.657955  	45.377653 
36.031588  	31.369150 
53.137174  	16.004281 
70.680453  	16.602590 
38.565183  	55.227826 
64.417992  	68.245533 
73.870624  	52.547012 
88.351130  	98.337819 
42.046427  	2.091694 
6.607173  	29.227086 
91.798954  	85.747905 
69.469927  	95.383816 
67.612163  	8.422102 
56.503329  	25.797756 
16.468434  	36.627079 
77.301640  	33.579536 
66.452518  	53.989274 
55.932639  	5.077080 
22.662201  	72.257433 
33.839343  	73.935076 
10.919728  	30.690459 
32.979879  	7.409947 
75.731784  	68.370786 
16.210157  	79.975362 
60.698561  	81.644412 
86.231658  	76.534291 
29.954243  	62.877876 
15.645207  	29.326774 
1.860144  	37.947860 
93.182050  	63.657385 
24.612934  	20.700013 
55.431206  	9.014650 
37.450614  	20.663723 
27.171146  	61.886710 
73.123251  	57.177793 
87.513229  	15.342424 
59.550733  	93.668994 
25.574337  	94.267764 
2.425161  	95.949867 
59.702270  	93.759098 
41.352927  	92.463852 
85.247126  	13.839070 
86.436474  	46.537035 
3.122409  	24.558662 
76.371391  	1.904431 
25.178797  	87.901296 
53.125631  	80.458477 
76.394967  	11.672756 
82.399317  	33.345940 
58.203800  	57.099012 
52.331704  	9.321017 
44.531814  	17.752686 
33.332053  	19.659545 
95.078075  	37.820319 
8.612855  	19.481567 
68.313756  	19.053020 
32.840147  	45.955752 
62.344709  	10.209706 
64.124441  	47.940667 
96.071784  	52.805708 
84.522686  	42.189685 
9.708306  	39.627347 
30.995351  	33.474072 
81.568748  	16.838224 
87.707260  	88.296560 
97.916675  	86.745801 
87.768319  	51.576257 
90.846765  	48.501572 
2.652788  	97.163823 
1.425093  	74.574075 
16.637608  	36.167188 
22.149587  	40.699800 
91.703300  	67.185706 
28.605484  	48.769886 
99.615891  	69.243782 
61.659773  	17.116594 
45.800070  	5.621232 
65.159107  	43.750769 
41.333787  	66.194463 
90.596952  	69.810071 
48.129400  	87.127958 
54.956376  	71.527175 
7.952508  	35.563024 
27.532190  	1.386968 
3.430934  	91.623969 
94.369849  	12.562860 
53.460054  	28.454410 
59.544944  	54.403157 
90.345122  	24.050381 
17.818572  	2.950282 
71.149008  	50.734862 
55.354293  	75.929865 
73.945604  	5.054896 
69.526342  	30.143151 
31.259898  	19.072286 
46.116919  	98.852755 
18.917735  	18.805329 
34.481799  	1.797131 
64.204683  	80.595762 
67.940771  	53.271117 
89.342478  	80.254778 
73.301827  	37.817581 
65.302694  	78.091831 
32.372011  	5.574372 
31.476906  	41.976095 
67.212337  	78.268445 
85.677938  	60.103662 
98.265382  	72.919178 
72.477635  	52.612680 
84.336841  	51.355136 
82.312507  	23.365850 
43.554524  	11.813320 
2.503771  	20.477027 
97.171828  	74.538968 
39.343162  	91.485254 
28.159361  	79.761229 
37.864773  	59.219240 
3.015071  	68.538105 
56.075458  	49.378827 
11.547934  	56.385812 
22.915950  	42.983087 
77.989226  	28.669101 
85.305680  	59.434394 
73.725213  	1.593406 
53.905860  	33.419591 
93.152210  	58.155100 
39.976857  	27.409468 
89.028448  	60.832579 
75.206245  	18.063207 
29.703819  	64.273141 
36.460201  	52.027747 
63.404726  	33.611690 
81.814133  	81.505725 
15.165247  	34.165322 
34.766994  	96.835608 
57.728780  	17.824679 
32.505300  	34.935461 
61.882768  	82.245608 
38.346464  	58.325095 
12.799144  	60.623844 
9.405247  	46.196797 
73.271049  	92.787313 
86.030581  	21.611795 
54.465299  	84.873546 
87.749794  	85.973094 
96.769711  	86.293155 
90.829551  	32.136578 
81.370134  	92.172581 
93.479615  	74.258100 
35.312897  	66.217127 
1.562305  	76.018212 
26.499223  	69.360515 
95.295278  	9.224787 
26.712755  	6.045374 
99.029492  	68.552071 
90.644694  	53.912383 
82.498902  	38.909051 
29.838586  	57.922716 
6.698919  	52.575505 
6.924183  	47.430890 
33.405818  	71.621032 
18.391522  	62.605152 
96.450651  	74.401257 
56.741338  	41.214259 
0.066518  	37.882089 
64.517706  	46.205752 
79.602780  	14.523647 
82.293919  	22.629283 
54.712969  	36.655140 
61.906894  	35.456247 
60.293949  	61.570354 
15.349428  	4.891267 
9.706938  	61.026374 
9.260633  	87.127620 
31.113094  	11.684544 
77.431272  	50.411187 
91.143325  	93.875631 
15.020469  	87.985637 
21.596072  	96.119010 
61.974029  	69.679029 
77.762050  	57.596090 
28.449369  	93.078386 
11.567657  	23.582519 
31.601026  	89.604128 
44.891017  	85.319703 
54.509739  	17.346230 
86.328036  	87.046849 
2.707821  	97.637307 
64.190520  	33.419374 
20.840933  	2.314635 
84.430139  	16.474908 
85.616087  	33.330161 
57.607406  	80.140429 
91.306830  	12.111258 
65.286960  	63.376475 
34.731549  	49.442344 
57.009826  	55.053320 
97.687745  	2.813668 
64.287700  	83.554388 
73.968664  	25.896872 
51.693874  	5.254426 
32.063392  	77.415118 
51.320645  	23.874613 
71.531051  	39.785122 
88.089026  	69.567689 
46.357643  	8.903844 
64.423621  	77.490885 
32.069791  	56.436701 
62.442630  	15.775496 
85.561149  	15.255187 
73.357188  	32.377823 
81.339711  	90.930657 
5.744878  	30.789058 
79.246171  	79.301258 
35.814399  	82.442101 
30.663436  	15.125977 
96.205814  	69.417351 
86.918529  	24.039151 
56.282110  	92.868036 
41.266227  	92.719180 
17.679026  	7.418760 
90.465384  	96.738859 
40.772135  	11.793604 
34.428324  	21.409428 
79.714147  	86.016633 
28.502920  	99.609593 
90.685052  	90.348118 
44.147124  	4.921607 
26.179924  	8.044469 
29.734847  	2.038984 
46.526315  	77.901042 
20.860220  	26.543292 
74.070835  	48.923524 
34.961858  	92.001278 
14.179968  	10.774401 
0.727202  	54.197216 
25.086516  	22.071011 
61.001630  	28.973209 
91.992999  	65.354913 
25.170251  	13.698757 
81.617234  	60.513595 
45.699558  	13.566715 
97.317863  	0.884008 
78.236540  	69.530744 
95.510842  	65.983632 
38.621265  	45.548324 
50.031125  	37.609778 
47.924068  	40.134989 
65.784448  	11.153465 
7.408817  	64.213558 
33.309267  	62.144994 
30.045395  	49.280170 
69.932272  	86.260497 
33.907116  	0.662252 
9.444395  	49.862884 
76.329086  	72.918100 
10.984095  	52.748229 
3.854192  	85.158202 
11.973419  	76.954184 
23.599116  	26.308597 
65.062580  	43.242287 
72.195287  	17.953673 
30.518230  	59.375628 
31.635728  	83.516053 
15.336969  	77.754660 
34.000143  	64.832100 
21.248506  	38.544688 
5.976775  	28.024684 
72.484373  	29.002482 
93.031855  	76.217477 
67.456214  	52.846676 
95.720366  	92.283969 
74.927155  	40.403962 
23.284099  	18.877613 
18.082806  	96.396548 
85.602230  	97.924769 
78.522949  	46.329998 
30.334214  	7.309496 
42.919291  	30.508425 
71.760747  	39.031077 
72.896348  	2.568447 
37.729554  	15.780986 
21.642631  	70.343956 
44.968517  	69.251610 
1.639460  	55.154121 
0.754281  	2.702998 
29.951567  	57.848819 
48.720436  	90.448503 
63.483829  	10.263451 
24.749712  	25.372646 
46.539763  	80.192512 
9.068093  	78.096808 
33.626050  	11.324079 
68.774831  	17.030532 
26.488672  	60.499569 
7.157145  	30.609826 
38.028146  	23.691436 
98.190135  	64.184064 
18.245574  	37.510915 
39.058003  	25.049280 
17.728596  	83.188811 
7.427348  	62.504009 
43.189242  	82.159981 
73.740380  	29.100293 
48.707476  	6.260531 
73.969779  	37.503089 
33.581627  	91.951215 
21.241741  	56.602993 
13.693381  	25.807226 
0.822365  	40.292940 
0.770401  	67.473660 
5.644242  	59.641738 
27.145965  	25.885817 
38.536546  	99.269011 
14.840306  	53.950377 
49.779968  	89.432517 
2.157784  	99.540951 
50.312624  	70.203212 
11.286546  	79.160900 
73.784080  	55.669438 
83.398452  	28.233845 
50.529967  	48.390693 
36.245025  	10.629309 
91.323464  	19.107355 
48.722485  	38.571899 
91.707879  	45.897442 
37.396646  	38.730976 
4.503723  	32.774056 
70.319777  	44.014400 
60.956340  	76.898374 
33.742283  	68.718395 
12.762884  	35.322546 
38.789159  	61.735139 
21.691256  	35.308167 
46.748622  	42.477921 
22.499130  	72.479038 
74.453668  	56.830893 
45.030620  	94.634378 
79.448516  	34.580909 
71.119395  	27.142226 
58.541849  	33.248714 
93.895650  	14.538310 
22.793122  	55.124582 
89.247923  	66.131449 
57.614499  	28.491304 
61.428939  	49.239304 
27.153779  	20.280364 
60.823455  	23.525091 
51.601541  	13.859945 
52.390874  	46.672683 
54.146506  	66.079752 
38.386687  	71.849983 
89.777237  	70.136404 
94.937275  	36.623866 
34.459927  	76.114011 
9.950479  	55.882366 
69.444154  	65.507264 
89.860546  	33.266172 
20.534042  	64.342717 
44.703106  	33.927592 
89.476633  	27.081407 
40.572098  	7.410456 
10.277868  	19.391240 
42.099778  	22.941302 
68.457463  	3.612697 
47.690876  	66.596119 
90.459813  	59.571665 
0.555021  	0.386338 
45.328196  	2.444323 
66.753483  	8.592834 
44.572764  	61.429789 
58.338396  	71.754816 
15.129929  	45.555461 
52.650375  	43.449032 
49.105681  	42.670683 
60.131399  	83.711109 
2.148438  	49.168699 
33.803191  	87.453285 
6.740152  	99.716021 
33.029640  	34.893219 
41.849859  	29.256098 
64.364271  	82.522832 
27.209439  	77.398967 
55.903568  	60.909510 
49.076915  	42.813958 
98.788151  	9.225282 
36.739003  	90.343262 
1.925752  	74.012990 
7.912356  	52.947107 
50.832532  	3.954443 
95.666842  	14.600734 
4.045761  	84.306281 
65.543609  	69.529849 
11.328875  	26.928075 
52.760403  	8.788996 
45.193284  	22.440590 
16.190445  	96.386947 
36.338903  	74.320036 
19.992167  	78.747860 
0.153822  	6.043584 
7.424216  	73.409981 
27.162867  	23.396889 
65.079265  	85.244312 
38.077406  	58.724296 
36.675605  	84.941953 
96.301486  	92.158154 
98.442668  	64.373157 
97.572117  	23.589258 
12.563462  	37.924800 
29.194758  	16.235570 
46.863501  	20.359709 
47.163993  	46.033746 
67.281604  	92.967177 
57.663224  	6.904095 
6.439453  	93.160572 
59.189818  	80.505447 
21.002486  	53.447267 
28.758482  	68.095745 
95.132038  	5.623204 
78.179399  	95.471232 
82.743647  	81.793186 
19.879063  	9.988876 
95.432887  	46.344047 
95.561113  	20.599890 
72.277798  	37.174123 
61.262762  	14.365436 
54.598725  	69.307383 
22.373703  	79.713984 
78.644998  	29.848323 
99.834725  	57.135700 
91.221289  	27.445771 
1.929896  	43.449451 
65.595503  	34.079887 
31.113829  	84.287911 
59.029497  	28.081934 
86.204021  	65.028186 
3.737495  	88.786948 
14.519684  	20.987051 
80.224781  	25.805634 
61.000815  	76.808084 
83.875585  	12.173726 
36.245829  	89.570518 
15.550962  	51.958662 
37.643967  	49.555119 
89.001765  	61.735643 
29.201987  	34.470636 
92.703494  	38.283170 
17.858778  	25.785840 
66.482461  	33.744115 
50.717546  	54.111911 
80.197275  	11.090904 
29.031699  	53.468004 
85.337421  	15.813144 
85.042326  	79.454664 
79.439919  	75.629798 
18.570203  	2.829009 
18.392636  	90.910678 
12.833107  	36.425565 
78.613144  	75.228499 
99.542243  	42.388887 
54.656588  	41.004632 
97.272165  	20.013517 
30.722492  	17.498668 
27.595509  	2.729610 
95.048820  	86.654475 
86.409320  	71.500090 
47.771818  	36.628017 
60.208432  	94.355572 
73.769847  	91.299891 
11.253974  	41.972146 
34.395743  	95.718256 
16.462090  	8.251245 
14.225981  	96.841614 
92.755131  	66.367340 
54.431928  	27.967962 
30.220061  	92.339145 
94.042632  	64.600710 
0.271658  	67.830433 
15.697253  	52.051952 
14.674763  	94.321871 
75.529316  	47.898753 
48.494106  	80.997031 
38.389669  	60.542326 
40.129860  	34.685236 
0.194938  	39.282734 
23.655219  	81.394577 
75.729225  	95.677126 
96.598675  	20.929471 
79.202414  	27.254066 
42.885371  	86.933075 
42.881475  	66.676241 
67.607636  	70.659409 
84.838814  	82.538243 
86.828037  	55.231344 
62.655128  	83.955827 
2.427955  	4.395788 
73.969985  	44.779862 
8.842120  	97.659020 
23.278811  	13.814215 
99.303358  	23.827674 
45.914634  	59.307457 
18.092997  	54.295412 
13.571073  	39.213517 
6.035362  	30.545637 
12.749151  	17.797577 
5.981066  	3.809893 
83.762164  	19.855521 
9.363467  	5.879338 
7.455103  	56.645330 
11.012760  	5.435906 
81.890693  	87.057026 
25.327531  	11.799386 
12.698237  	92.868012 
33.552580  	45.821118 
71.243926  	83.188887 
50.201744  	68.042877 
74.190323  	90.048826 
1.022946  	83.742036 
78.313617  	17.857385 
43.418449  	44.517957 
97.083901  	70.793537 
39.278091  	15.458728 
8.432271  	90.333655 
90.212345  	77.828442 
84.737343  	97.585883 
58.051117  	32.084834 
52.317038  	16.660286 
1.601057  	92.812375 
73.781577  	84.182809 
12.977207  	61.077537 
44.286710  	36.637746 
76.941279  	26.941851 
27.427840  	19.580206 
49.633503  	42.033185 
53.885924  	94.202397 
2.094565  	63.597811 
0.833774  	74.306143 
39.368997  	32.432321 
43.582989  	24.716579 
42.577384  	92.384834 
18.350545  	39.595969 
3.316767  	33.182880 
82.740863  	39.627267 
64.127165  	72.342386 
43.066708  	47.763415 
42.552761  	10.666859 
85.058885  	0.535522 
76.220819  	24.188666 
71.769240  	12.723269 
95.894934  	72.720182 
86.107286  	48.757094 
47.784803  	83.047795 
22.312518  	22.049218 
22.282580  	3.599932 
72.383289  	69.820747 
45.200601  	31.157369 
58.920573  	8.373601 
84.541931  	53.115739 
86.034712  	90.382494 
28.117765  	88.755262 
98.463616  	70.371015 
19.726107  	20.820851 
28.697000  	65.066041 
74.441697  	61.664946 
67.449959  	23.035014 
6.016781  	91.731631 
38.462127  	19.293412 
48.911956  	60.329920 
40.362622  	2.568975 
51.803801  	31.226944 
49.310554  	69.107991 
75.017984  	45.494219 
83.762955  	7.987384 
90.854439  	56.169784 
60.922237  	97.576061 
72.418084  	58.759234 
80.679738  	85.670188 
79.685231  	19.604261 
67.051113  	57.233580 
21.001267  	77.703250 
29.318003  	46.641716 
67.769110  	15.314726 
12.793441  	23.916885 
80.913486  	26.077769 
72.521097  	63.967362 
39.751691  	62.678104 
0.464246  	63.478166 
62.449481  	74.295803 
40.353974  	76.095284 
67.010096  	58.356699 
44.637089  	82.436615 
37.055899  	10.767547 
92.284409  	89.856628 
78.558014  	14.523181 
39.436897  	66.683721 
89.787370  	66.002646 
75.402676  	55.864271 
2.233154  	15.134124 
53.182241  	82.229662 
34.183223  	94.384822 
24.016345  	20.007315 
15.163955  	2.852863 
40.799464  	37.739536 
49.436825  	17.843278 
32.085957  	85.811340 
93.612355  	7.993685 
2.203137  	79.068270 
50.519085  	65.969773 
95.144740  	76.906947 
27.249428  	20.111162 
37.821822  	87.361122 
91.215589  	78.926595 
2.241429  	51.036934 
71.414908  	30.522877 
6.921809  	12.112625 
92.228755  	29.274106 
77.855538  	7.417186 
46.756611  	89.464496 
46.492156  	18.344047 
43.085146  	94.857096 
67.110013  	58.232008 
78.359119  	89.346465 
29.166839  	85.639516 
64.592966  	20.899635 
16.929162  	56.506385 
79.888327  	94.714265 
62.557222  	59.727992 
18.880506  	15.713232 
79.976571  	69.392878 
22.241182  	11.581525 
66.050742  	62.856364 
16.889081  	44.213862 
34.989580  	61.051640 
18.746316  	45.102522 
98.949112  	27.327995 
20.267884  	4.519338 
95.246126  	43.699685 
54.829405  	26.587481 
2.088048  	83.430654 
38.334273  	85.271494 
33.906112  	1.589326 
28.395723  	24.484258 
98.394528  	31.546696 
24.217243  	91.103622 
43.610151  	60.101013 
65.891388  	59.957442 
54.318916  	26.972667 
92.238006  	3.958072 
94.988677  	13.529158 
53.423331  	88.151181 
70.383438  	81.730058 
69.492890  	68.541128 
64.673002  	72.669059 
87.247382  	34.542184 
4.121962  	70.159079 
97.584475  	72.270689 
94.019705  	98.717390 
97.761342  	32.859181 
74.495634  	44.091262 
96.793520  	0.376361 
26.130994  	55.121154 
27.309207  	16.708520 
50.834138  	27.637239 
66.536802  	85.678962 
37.318060  	21.769929 
56.152466  	63.933033 
62.901811  	12.672859 
35.141893  	76.928192 
80.952196  	56.700250 
30.003878  	21.006881 
88.467398  	97.979880 
44.187015  	30.245395 
80.112233  	40.437020 
50.085093  	8.563787 
55.438620  	98.224886 
15.777652  	24.327621 
94.709190  	5.720679 
49.075394  	6.311036 
53.947749  	35.953690 
47.292459  	74.637519 
87.855857  	15.929823 
44.060431  	24.056300 
34.306542  	1.510975 
16.174542  	10.165055 
45.450135  	77.109515 
59.404375  	38.022829 
35.868780  	33.163237 
15.455174  	52.257866 
52.011711  	77.177635 
65.709612  	11.977622 
0.623816  	46.920663 
19.971279  	98.523289 
27.557637  	67.591311 
20.577129  	54.606299 
14.021766  	26.729955 
97.901404  	99.921643 
68.073890  	50.994617 
57.542483  	93.707221 
5.521856  	83.320417 
25.054319  	44.076385 
51.134235  	76.861639 
39.812054  	89.287315 
42.110162  	81.532944 
38.061141  	90.421301 
71.805450  	83.274560 
97.637610  	48.041814 
16.252894  	84.307770 
4.548065  	33.793088 
28.174590  	90.601871 
0.867494  	70.262778 
52.861683  	30.197370 
90.887490  	97.236095 
42.887906  	93.641498 
26.161941  	21.171221 
50.775142  	97.009963 
1.194021  	16.339692 
26.796375  	79.142395 
35.625068  	84.270290 
19.584687  	5.949063 
44.501014  	53.815104 
55.416321  	69.481121 
36.455194  	35.477708 
55.862523  	11.542883 
47.650057  	45.909240 
61.813531  	83.397752 
9.392214  	96.928515 
98.352751  	19.560445 
66.700436  	25.985818 
17.446891  	37.615042 
7.254963  	22.218989 
31.976235  	47.617858 
7.068713  	85.740012 
97.841571  	58.994793 
5.042526  	47.456335 
83.858430  	12.425971 
70.756227  	33.175163 
11.518119  	30.632125 
1.597058  	70.752957 
87.020500  	46.506156 
86.096471  	26.326428 
29.595180  	80.064439 
80.987034  	25.130802 
37.383406  	33.180664 
61.462679  	25.097038 
35.637715  	51.775622 
13.594151  	4.860594 
29.160092  	22.791262 
21.734772  	92.002261 
74.151656  	8.960618 
53.375947  	19.415242 
55.647697  	46.264342 
13.112209  	19.326493 
42.050138  	91.201812 
63.237962  	96.217887 
96.335787  	11.576278 
91.062516  	70.719193 
4.322307  	3.982523 
72.637996  	50.739575 
44.805858  	90.963210 
38.282403  	62.956000 
2.353603  	9.322335 
63.225008  	59.501006 
50.733440  	94.480657 
6.695990  	19.788659 
89.766457  	61.453389 
94.338013  	82.545340 
85.411142  	83.137483 
91.412342  	81.033367 
7.037543  	81.115973 
17.007497  	35.458475 
15.702770  	66.257915 
7.873823  	64.427644 
97.050338  	22.322027 
82.627593  	4.516970 
68.319479  	7.490757 
68.266048  	62.025648 
18.005575  	4.671478 
22.427219  	37.988882 
60.310200  	17.825137 
37.771802  	53.055451 
32.973911  	85.103040 
66.808061  	32.674198 
24.330908  	35.781795 
88.389014  	31.188384 
41.621731  	72.597127 
58.011370  	13.304704 
28.413559  	62.672113 
45.546004  	29.485074 
4.709463  	70.261271 
80.512561  	14.802548 
22.573818  	88.091183 
96.426561  	1.620466 
39.892784  	0.282318 
32.149239  	10.214384 
18.233498  	34.740943 
40.499580  	64.876139 
5.152756  	26.386382 
28.339645  	16.233249 
89.145704  	35.460725 
77.393358  	38.532861 
98.624378  	72.928674 
63.819767  	86.920973 
65.904692  	39.336809 
10.140513  	9.362405 
97.408745  	18.141183 
73.436705  	21.465782 
72.180409  	12.443430 
68.719059  	77.665337 
58.479577  	89.477597 
17.135858  	60.778728 
50.135590  	22.679059 
89.551245  	8.658125 
76.188132  	46.376053 
54.707453  	62.926828 
95.588286  	57.482706 
84.982346  	76.763137 
96.737394  	23.921296 
57.079292  	65.623756 
86.441026  	56.937938 
82.960672  	12.567685 
40.311480  	98.295533 
64.751965  	26.069818 
8.924214  	43.659430 
10.804683  	1.320165 
33.853948  	26.248387 
74.734036  	25.302311 
33.170253  	39.876803 
65.849850  	68.111287 
79.886888  	22.843331 
21.446114  	76.705306 
98.839951  	35.171895 
29.920299  	8.434108 
98.681841  	42.440256 
94.065992  	94.399221 
22.250113  	44.460620 
25.792354  	16.805869 
29.859208  	44.013489 
19.454611  	7.684183 
2.699278  	34.529550 
72.206393  	9.950415 
55.089277  	45.824178 
70.315184  	50.414581 
66.144017  	48.194558 
40.878766  	2.680956 
10.486025  	84.749660 
20.944286  	29.370869 
78.516913  	62.779969 
12.273220  	39.409012 
93.848885  	58.689078 
5.710256  	10.058955 
79.859744  	13.782682 
14.239134  	9.083152 
31.913649  	3.928358 
79.232151  	47.130196 
6.106762  	60.990350 
96.409369  	50.922774 
77.112801  	27.923990 
78.227806  	26.044471 
0.949037  	33.320681 
3.112616  	47.489410 
1.589940  	35.742470 
73.091749  	36.208294 
68.733614  	21.245001 
37.062803  	38.367139 
99.718843  	81.984874 
41.520116  	64.574841 
32.459353  	78.623215 
79.005939  	15.931993 
85.274379  	67.570358 
36.178229  	16.584790 
24.176306  	18.534684 
52.472005  	76.373024 
37.163701  	13.036331 
25.092239  	19.974575 
72.943709  	62.000153 
78.940450  	25.581925 
19.938134  	10.046518 
84.717976  	33.003039 
33.919340  	87.324737 
56.913491  	68.805789 
40.026398  	93.119680 
16.391450  	92.843588 
97.241237  	49.333003 
21.341509  	39.811810 
66.980627  	71.626752 
37.060136  	5.462981 
64.564986  	0.764205 
35.001633  	54.904250 
27.270156  	44.274304 
37.490077  	15.778063 
70.076744  	24.560463 
47.744927  	52.865259 
66.534545  	40.956309 
29.762943  	31.669635 
23.501636  	24.428491 
45.860778  	19.347436 
57.317341  	53.712826 
29.360909  	5.488858 
72.470959  	0.299466 
26.460715  	68.170483 
20.679959  	10.871093 
69.592720  	11.257419 
4.200597  	83.009519 
25.157713  	28.312019 
53.817733  	41.663170 
9.488679  	50.222879 
9.521082  	56.524969 
16.499331  	95.046769 
92.352225  	73.422327 
28.160573  	55.792586 
71.100854  	74.662513 
15.436589  	41.580820 
28.799350  	52.077478 
16.982835  	71.335541 
7.893154  	19.717982 
80.841443  	89.225323 
32.649340  	79.110335 
74.571508  	11.375086 
63.298284  	68.741512 
73.088949  	51.918327 
64.618633  	52.525546 
63.575105  	93.205726 
18.827835  	39.786874 
17.120087  	28.058299 
49.907004  	36.736577 
33.080245  	22.256149 
88.719772  	45.907934 
64.194453  	71.384757 
76.612765  	80.157910 
6.120357  	44.472353 
23.305884  	24.004758 
61.848229  	25.750027 
20.528173  	52.359135 
56.572205  	85.517528 
0.378778  	94.579642 
3.853915  	16.889430 
63.078372  	44.958567 
12.916305  	55.538194 
2.782656  	90.019283 
70.880646  	27.256971 
9.004451  	85.714299 
25.943381  	90.098421 
2.139535  	80.910973 
98.660094  	78.013175 
54.892427  	57.550556 
99.264327  	99.928891 
66.427949  	80.924968 
16.062912  	40.470783 
73.186947  	34.290627 
27.368881  	53.464859 
18.732704  	79.744068 
75.881803  	14.746153 
17.875276  	37.857479 
19.771638  	48.031729 
28.152093  	37.938238 
25.826942  	43.611573 
74.633570  	59.613855 
33.040008  	66.254412 
74.495557  	34.511300 
43.434946  	81.610079 
6.601823  	78.782496 
63.657127  	72.617820 
58.572487  	58.393529 
31.842386  	53.626875 
95.552651  	77.617246 
81.507011  	83.374879 
61.711247  	89.740721 
6.703830  	51.968989 
15.595710  	24.227332 
29.707997  	42.160501 
58.422130  	89.945148 
23.320350  	44.840451 
69.396099  	28.145550 
84.582582  	53.618051 
74.237242  	80.186517 
19.056879  	88.447815 
4.070021  	67.977171 
24.196734  	52.007153 
34.921624  	99.035724 
74.803460  	47.325014 
23.446560  	12.063589 
93.146186  	32.874641 
77.185774  	56.384631 
0.607937  	86.351480 
43.466359  	68.037670 
85.229505  	49.286695 
77.904060  	68.007001 
68.624047  	38.018411 
48.566957  	48.553866 
87.073800  	52.317203 
93.543360  	94.063460 
11.353315  	24.500851 
44.442343  	28.834903 
73.595710  	84.924755 
78.524328  	28.392893 
40.211727  	81.584993 
83.485543  	59.183007 
34.767139  	41.339399 
72.230448  	69.090967 
87.943111  	75.405915 
99.482672  	45.157452 
36.686875  	44.448763 
31.794256  	71.659268 
33.846088  	67.034794 
80.962961  	84.641614 
53.527302  	8.153004 
66.529729  	25.274435 
34.596505  	43.305518 
11.691797  	40.108592 
94.571039  	49.816861 
29.309417  	22.957347 
22.641779  	74.614487 
3.563822  	53.642120 
33.991654  	57.147905 
63.935947  	68.126142 
78.230119  	18.257384 
8.841334  	97.337401 
72.468965  	35.580970 
0.564848  	76.646837 
47.179565  	78.886820 
26.123249  	22.694305 
17.902373  	71.820312 
69.638521  	54.151051 
87.988075  	80.322646 
89.118429  	93.249867 
19.314588  	59.299763 
27.115427  	38.838892 
33.742237  	2.239032 
27.776731  	75.354733 
71.311515  	97.449440 
4.995966  	6.604563 
61.028535  	77.841667 
75.388990  	75.550983 
92.861223  	51.868293 
45.680177  	87.671966 
33.819546  	68.724439 
68.782319  	30.761079 
47.106685  	99.389940 
51.195315  	51.801877 
61.168492  	42.121042 
21.325261  	3.021185 
47.114355  	12.389359 
53.328309  	39.093327 
76.267521  	89.425357 
4.720564  	86.314221 
27.717581  	44.045770 
1.192082  	20.175110 
89.529285  	56.443754 
84.156671  	82.131847 
46.973096  	42.545797 
96.648020  	15.273335 
97.024705  	45.828218 
1.065055  	88.310153 
86.355783  	46.210151 
14.934580  	25.118003 
87.848454  	16.264529 
90.508623  	85.256546 
13.063842  	49.920471 
68.592635  	11.676354 
28.134893  	26.873062 
34.220982  	97.599088 
35.001026  	94.443236 
15.423250  	39.477376 
2.964281  	79.596947 
90.814671  	7.417592 
15.018146  	39.525708 
27.708418  	57.343688 
58.043745  	98.955948 
59.789166  	13.872357 
73.448564  	6.945919 
58.788496  	72.887569 
54.495413  	17.706848 
26.724419  	38.361458 
19.975235  	56.902380 
15.137859  	56.632032 
59.708717  	89.717192 
66.917064  	64.974280 
31.541674  	53.104699 
88.761589  	3.810878 
12.639470  	46.645957 
73.207720  	17.104162 
54.392092  	1.353284 
90.203535  	61.089453 
34.796600  	77.368837 
5.567000  	25.405997 
82.179816  	34.639978 
5.390102  	73.810019 
23.938764  	80.551214 
23.203269  	3.588719 
87.367597  	23.737243 
7.383918  	22.965811 
85.934774  	62.120373 
97.381645  	79.401242 
22.566128  	88.200288 
34.111159  	48.344841 
97.149910  	2.018494 
84.005590  	5.054737 
83.029571  	41.458928 
97.795602  	36.527238 
22.023076  	73.956591 
48.248877  	54.934416 
12.746929  	36.975062 
28.503198  	87.948853 
81.694668  	72.091465 
94.632655  	9.597115 
60.438936  	21.611850 
34.413562  	38.495608 
3.595681  	27.291435 
45.973430  	32.762938 
66.785290  	85.184297 
97.790568  	46.368877 
59.012060  	21.045836 
1.583387  	27.575987 
88.091556  	11.211037 
30.213313  	83.631156 
54.088409  	3.475994 
39.454266  	34.867514 
48.593418  	78.841973 
73.977281  	2.743740 
89.973809  	36.078370 
53.841265  	14.039524 
31.455016  	72.031541 
65.604836  	20.564946 
22.328859  	4.852077 
60.199282  	39.515028 
77.556544  	94.968912 
33.859827  	80.005911 
5.358957  	96.672654 
1.390531  	77.517609 
30.730284  	94.196811 
97.033969  	38.230733 
43.705373  	46.153336 
94.492606  	72.735989 
35.495189  	28.051436 
49.042215  	29.321691 
51.938205  	89.706717 
34.863738  	39.223638 
68.332210  	8.119737 
40.842373  	20.859185 
29.747793  	37.057855 
53.429631  	63.647513 
7.125010  	1.526084 
40.861566  	73.706070 
10.492847  	43.109404 
83.490512  	70.400867 
75.621873  	58.007899 
29.849291  	38.194906 
49.468060  	82.998633 
24.010772  	34.202638 
47.082137  	26.020638 
76.872588  	50.434369 
97.946442  	84.741270 
94.158122  	58.287068 
31.269547  	99.492367 
27.643229  	99.531843 
6.041013  	71.377139 
25.762691  	58.651637 
51.088735  	20.758917 
68.577867  	97.618542 
83.287286  	1.210419 
25.989069  	43.619286 
71.883265  	70.245154 
54.207413  	13.089324 
7.075831  	98.861850 
47.187970  	0.913801 
94.783449  	60.792192 
94.866722  	93.234017 
25.798693  	8.200791 
49.148572  	27.690781 
39.484320  	28.177088 
74.567026  	28.139037 
54.525233  	45.565551 
11.542832  	47.680916 
57.578127  	94.833590 
76.403126  	9.562843 
75.181006  	14.210887 
78.165436  	5.751227 
26.096337  	51.909624 
18.559060  	9.474742 
14.695760  	61.312511 
93.723608  	44.910523 
7.012536  	6.751685 
96.334726  	66.037913 
59.898096  	57.466219 
96.717075  	40.683736 
88.082595  	79.954411 
17.335311  	19.927881 
11.405892  	82.998260 
10.895103  	35.819075 
83.310313  	70.736720 
24.903848  	39.039742 
27.946728  	69.781829 
68.247955  	50.251807 
33.633909  	74.853373 
75.839924  	75.273021 
1.380512  	65.610189 
16.745347  	91.241896 
5.772490  	91.974660 
5.995825  	62.807287 
71.667999  	94.368727 
36.532524  	72.431016 
32.010885  	25.459243 
9.295372  	96.406484 
16.039421  	60.413667 
14.750676  	94.003924 
52.428013  	73.916711 
10.592661  	25.639337 
11.099516  	59.367357 
35.416830  	59.707307 
38.442026  	71.320770 
56.002875  	31.450230 
40.343979  	47.530399 
0.774316  	93.550018 
68.744759  	29.745563 
65.466344  	87.204610 
10.606055  	9.046375 
14.350692  	70.617847 
23.440918  	20.660392 
30.659867  	12.548414 
98.326570  	69.278099 
89.682555  	48.482090 
28.175616  	80.269880 
85.586641  	89.006949 
49.289072  	35.731246 
74.434118  	97.214923 
70.732075  	7.043076 
55.399467  	87.255750 
13.808272  	35.041914 
58.533359  	9.164110 
27.282167  	34.732315 
17.414591  	85.527644 
1.418836  	66.982293 
31.305595  	11.698889 
19.180049  	93.180328 
34.856970  	9.435880 
25.773542  	27.015252 
61.569177  	57.519237 
20.091938  	33.578571 
57.222610  	31.965423 
71.794051  	17.566446 
5.906818  	53.738636 
88.837315  	4.899411 
36.272692  	98.692295 
81.801831  	7.787845 
80.437996  	61.442039 
49.491882  	45.807408 
16.554690  	79.229648 
92.538102  	83.999184 
22.808537  	12.134479 
2.345614  	16.262760 
33.882148  	80.251634 
11.863861  	80.480966 
13.885839  	17.503447 
5.345654  	65.931570 
44.413791  	5.560690 
74.594460  	88.386458 
54.003206  	59.526448 
55.524216  	64.798514 
98.655498  	34.148036 
37.936560  	81.353132 
61.991804  	68.360287 
81.524683  	98.008339 
77.498115  	36.298002 
38.636694  	70.746644 
34.182773  	75.975168 
3.013918  	60.337967 
70.363329  	86.362094 
56.958422  	68.985167 
31.024439  	10.544746 
92.408312  	12.608147 
12.759819  	89.677671 
21.917551  	36.389140 
71.322945  	80.025014 
58.650673  	51.680455 
12.887791  	99.571210 
74.521987  	11.699563 
95.911940  	11.596561 
12.815229  	10.666434 
94.055850  	41.343514 
8.690585  	83.952533 
70.516454  	83.847966 
74.444621  	37.153512 
7.362672  	2.020105 
98.330638  	8.744218 
88.803879  	89.083708 
37.044697  	91.442667 
73.170239  	76.996061 
62.720308  	26.929057 
34.222001  	6.301256 
43.688126  	46.109932 
89.549167  	72.865704 
3.295035  	64.707346 
31.162164  	37.608094 
45.774961  	22.082200 
57.174908  	8.882384 
55.023030  	44.144182 
9.143723  	12.155016 
29.128716  	83.964261 
71.258602  	56.367217 
87.792989  	57.338415 
63.802454  	41.931245 
3.470467  	89.798295 
77.371332  	80.594380 
66.000183  	42.577881 
79.267446  	54.066735 
54.029445  	5.398474 
59.798764  	94.792001 
74.884069  	21.844220 
50.385643  	72.256361 
73.761088  	32.799936 
58.911908  	54.427932 
29.046847  	60.913019 
54.855701  	79.944337 
6.311018  	14.689812 
33.850367  	61.398726 
12.226979  	20.286008 
1.726803  	81.016310 
37.644002  	11.485522 
55.499820  	24.047603 
18.982119  	8.105987 
78.958771  	87.659584 
68.043944  	99.561220 
86.932528  	27.564186 
61.060783  	35.773109 
40.953482  	55.947117 
12.774067  	3.318625 
18.429307  	12.894239 
49.608270  	42.434236 
37.932653  	82.247824 
33.170253  	53.880602 
97.508809  	91.345450 
65.596877  	78.705948 
55.857295  	88.320299 
28.562834  	88.577719 
4.144953  	71.113139 
98.922990  	4.746725 
92.170102  	63.883092 
87.663002  	44.117426 
80.082370  	3.774659 
27.107023  	17.817805 
57.197084  	48.223934 
25.822559  	63.013812 
21.321574  	29.638782 
45.751146  	28.939416 
35.876226  	9.124624 
80.266211  	18.603626 
93.894131  	2.293297 
34.471295  	42.187539 
38.996204  	90.385795 
24.809624  	63.623419 
57.104748  	9.343251 
90.338419  	70.512150 
34.928451  	61.773792 
31.245492  	64.076814 
13.256895  	50.300268 
38.834828  	84.252879 
49.726462  	60.300566 
22.852215  	89.238395 
74.899323  	58.444888 
56.886422  	90.161291 
12.192022  	40.498601 
93.375195  	63.824771 
47.380120  	67.151389 
42.067365  	66.522671 
36.828425  	86.996742 
20.331794  	54.855209 
53.127613  	60.244570 
97.602411  	52.889029 
75.159506  	85.227674 
78.103307  	29.688697 
72.521640  	50.276712 
18.354473  	35.274810 
49.484857  	10.957069 
17.599396  	95.306531 
49.744513  	83.962190 
43.511442  	91.719806 
75.035455  	81.770025 
98.462182  	52.393024 
35.960952  	78.962172 
12.078593  	51.522944 
27.965467  	4.663681 
6.919718  	13.767014 
21.562566  	88.830386 
33.484784  	52.647992 
83.263463  	55.290894 
19.911206  	75.746640 
71.105442  	27.149255 
91.363166  	63.252497 
87.994121  	30.473133 
92.075292  	51.402859 
17.454437  	20.149300 
21.053128  	20.889461 
90.780397  	34.060600 
95.472004  	39.529373 
85.487197  	84.655788 
11.706818  	65.171535 
35.535412  	50.165781 
59.797775  	2.877293 
10.714096  	86.639444 
32.329558  	11.035823 
50.808394  	62.279016 
31.226200  	51.640507 
47.075585  	65.050292 
76.124794  	1.961954 
6.778528  	95.382131 
36.580366  	22.969291 
30.469964  	60.110013 
32.108568  	13.073974 
54.160154  	72.537886 
31.669567  	50.285762 
8.169463  	77.759546 
30.060805  	81.155578 
39.081993  	58.574170 
78.083365  	20.984756 
12.323521  	42.016593 
51.503426  	32.283387 
0.788139  	88.680871 
5.671624  	14.888010 
64.356912  	23.228929 
82.524376  	39.587502 
17.235428  	52.577734 
87.699727  	82.961506 
77.377683  	45.762202 
21.643656  	91.083890 
85.103975  	0.567797 
59.382115  	84.964454 
68.134911  	37.396862 
4.270626  	47.961548 
55.345354  	43.645225 
93.197604  	52.769373 
38.552825  	8.123527 
42.349881  	86.374028 
78.045414  	71.324117 
42.634871  	24.300195 
74.144776  	53.131970 
77.293826  	19.313342 
73.901602  	41.210785 
17.934255  	68.546528 
79.183907  	61.133503 
23.021151  	55.176376 
89.474155  	23.333776 
49.538051  	25.490685 
42.356483  	82.568324 
60.629509  	89.771113 
79.949474  	93.869589 
28.941540  	68.839621 
45.595854  	5.903088 
36.052562  	1.236664 
64.003470  	64.638405 
48.897714  	29.109032 
74.564325  	13.525947 
26.844878  	57.955417 
12.994128  	20.362216 
22.641557  	20.356508 
24.715090  	50.287695 
92.116082  	91.770885 
22.250595  	83.493346 
91.870922  	95.905121 
16.883818  	33.198063 
82.790097  	49.740913 
6.484920  	89.590519 
77.127499  	99.477246 
73.082910  	24.781371 
9.043311  	25.684752 
6.953021  	44.687641 
55.470782  	59.315663 
48.235158  	15.392738 
26.591031  	37.626878 
43.046331  	40.713014 
39.342792  	20.433754 
62.215466  	77.196593 
76.365315  	71.641292 
73.334754  	4.754525 
89.024645  	47.801405 
12.528058  	38.664617 
81.628672  	84.664102 
99.178258  	19.123984 
18.978991  	3.709167 
77.482652  	13.159157 
73.555304  	86.598948 
46.061374  	79.009059 
64.912465  	76.266939 
74.193369  	55.617110 
19.636024  	15.982135 
41.935926  	11.264951 
4.915888  	83.434510 
53.108059  	39.288756 
55.368490  	94.778654 
0.913025  	90.132205 
50.438531  	68.503254 
96.883818  	88.371194 
61.815166  	5.366735 
89.276985  	81.165351 
59.033421  	54.431365 
97.709259  	52.244858 
18.885883  	90.303338 
84.384428  	97.261563 
49.295260  	75.195257 
62.705613  	9.594697 
93.732280  	44.046905 
4.095890  	69.230390 
89.106216  	85.360156 
76.049300  	60.495217 
16.199274  	43.347949 
84.977608  	86.458614 
48.464052  	5.423958 
55.813040  	98.129571 
0.451228  	80.181101 
96.420090  	6.191178 
25.685932  	8.105815 
83.337363  	54.214586 
72.309206  	14.982157 
22.653536  	9.765387 
50.815810  	89.106247 
41.646790  	44.282229 
61.866746  	8.373145 
49.669469  	4.866476 
25.966292  	98.063419 
18.097131  	73.048634 
54.646924  	54.248970 
71.170901  	3.498795 
94.388067  	31.628119 
71.640262  	58.945421 
52.451137  	40.109168 
67.262290  	47.327838 
34.768674  	64.206623 
24.721291  	67.168493 
52.079482  	15.812250 
47.299391  	17.852723 
7.899277  	11.663084 
4.306402  	51.670881 
87.335811  	24.525927 
27.134035  	63.838120 
92.784204  	55.411274 
63.439873  	97.425395 
93.772163  	8.605226 
13.305783  	44.653768 
93.362956  	12.511707 
67.440943  	19.347472 
73.406225  	38.651723 
81.944482  	37.453804 
28.274627  	57.787130 
71.744439  	82.237403 
77.120983  	48.751399 
55.556270  	53.300722 
92.190414  	78.563616 
37.014333  	75.767037 
37.284958  	56.730481 
97.719135  	69.012930 
39.577414  	46.095691 
19.585570  	63.291914 
49.087238  	56.263655 
47.765397  	9.421850 
91.085899  	43.196207 
22.960491  	18.853970 
48.719661  	84.447330 
74.955460  	11.243308 
36.516594  	38.441545 
95.899522  	39.004517 
12.529596  	78.748154 
31.949576  	82.604272 
69.612413  	92.637044 
13.270515  	33.574375 
89.880877  	86.960157 
83.489047  	61.970422 
93.400608  	53.629619 
37.438647  	7.272751 
67.420735  	33.196536 
74.128410  	42.375306 
13.692486  	69.659652 
9.116750  	97.423572 
58.306177  	24.294350 
0.940070  	4.544299 
17.534272  	16.426344 
62.790313  	39.263624 
0.350188  	0.440791 
31.314717  	87.247371 
28.513807  	19.465543 
84.863076  	86.735993 
40.756925  	67.750344 
66.931997  	3.222424 
95.084965  	59.172641 
14.841019  	41.970486 
79.144581  	9.746893 
54.853851  	39.532291 
94.734748  	87.984749 
31.559023  	5.871780 
13.252976  	15.092925 
43.971648  	48.910121 
94.930562  	78.494898 
28.798125  	44.073926 
25.355158  	47.397788 
53.545607  	19.002573 
28.216164  	84.095653 
0.478739  	70.542014 
38.865051  	50.402746 
44.888600  	25.539025 
54.528921  	51.510614 
32.929759  	96.042772 
95.652707  	97.483512 
62.370027  	60.842670 
79.220293  	5.065486 
2.647999  	11.769116 
86.573301  	34.156338 
55.314717  	20.297288 
88.621078  	23.377215 
67.581644  	59.697365 
1.783020  	82.853671 
15.162603  	28.957277 
5.852108  	22.646364 
1.231549  	68.185461 
5.430247  	45.350358 
27.461840  	9.099631 
51.304097  	86.567572 
37.209658  	16.827636 
79.531234  	23.865841 
70.767113  	81.315243 
43.735504  	43.115496 
60.752773  	37.463287 
54.863279  	27.190339 
27.820516  	79.660826 
62.162805  	49.724206 
1.086064  	5.703360 
88.038995  	51.644746 
61.485811  	50.845626 
34.597287  	66.591834 
76.471270  	40.520618 
49.205005  	9.089752 
79.753616  	30.701907 
73.914484  	20.541354 
53.142610  	96.778320 
65.571682  	42.670676 
64.913994  	66.871075 
61.326311  	55.488760 
74.214173  	80.468558 
49.828135  	96.515986 
79.925205  	14.403416 
65.811053  	38.848916 
81.146103  	15.702752 
89.795715  	47.892729 
51.192426  	70.502870 
98.660396  	0.472876 
9.583116  	68.044337 
23.469052  	93.359742 
5.322655  	64.167145 
72.399358  	73.065041 
18.332956  	22.108066 
4.589095  	7.847962 
84.348511  	24.531195 
11.095308  	58.375554 
47.093539  	31.295882 
30.571222  	23.594082 
18.971731  	49.533311 
64.719808  	20.307980 
72.074147  	66.976826 
25.699746  	1.628474 
82.391301  	82.978060 
74.538054  	17.872446 
74.070421  	1.638081 
8.104842  	20.807332 
5.103725  	22.478143 
59.142946  	23.740945 
25.010649  	70.861240 
71.813700  	51.767523 
33.400848  	45.437322 
11.088954  	29.571565 
40.533252  	82.198911 
59.091747  	39.847632 
74.686257  	15.883555 
25.694774  	81.849730 
18.978474  	44.495179 
93.824210  	31.847121 
19.342898  	52.887088 
51.415223  	95.104294 
93.437270  	12.652341 
98.563471  	3.473401 
50.816601  	24.199468 
88.577454  	53.069783 
73.256765  	5.967903 
91.411437  	98.432281 
96.518789  	81.005700 
66.903535  	84.300855 
65.712642  	36.572603 
24.219474  	56.888186 
5.668754  	65.836227 
61.687769  	73.003791 
13.265606  	87.847961 
1.426547  	84.065285 
40.656656  	49.680188 
70.922218  	10.386966 
44.203148  	13.395282 
22.374337  	45.615354 
54.789099  	79.194878 
9.080503  	89.928239 
65.314983  	68.155683 
86.575637  	87.787168 
72.802281  	56.294468 
47.896087  	30.660403 
58.283043  	63.866617 
30.549353  	58.971426 
12.672049  	9.163543 
32.813799  	23.569446 
41.321445  	77.195221 
39.286156  	63.122459 
33.337669  	41.573196 
52.536411  	62.004239 
42.165491  	14.376768 
23.789463  	55.245008 
65.317683  	75.269198 
99.492290  	6.509856 
67.661478  	15.852250 
74.427795  	46.533493 
53.441656  	93.710300 
49.856040  	97.339726 
53.035752  	12.784797 
48.950339  	44.923351 
27.588181  	65.020358 
88.674550  	93.504155 
31.476032  	54.560228 
33.330819  	42.291842 
22.564276  	24.370875 
44.425994  	62.076807 
69.627878  	99.204976 
73.714030  	87.645345 
32.704823  	26.941627 
3.603957  	44.354465 
91.378925  	89.830236 
49.261484  	2.241293 
22.955858  	77.547056 
91.078328  	36.875481 
64.338760  	9.050358 
72.689503  	20.718835 
8.003080  	39.938658 
91.018871  	13.517212 
59.569835  	91.778728 
37.614040  	47.154495 
80.152012  	79.142131 
37.115987  	50.988358 
87.962931  	0.733375 
60.225855  	84.663639 
93.737633  	41.084735 
99.605245  	7.520688 
83.364221  	8.332260 
24.923929  	44.070148 
6.207654  	5.029195 
72.474399  	87.358717 
17.802315  	13.350896 
47.067584  	68.119928 
83.962498  	81.743190 
56.142150  	64.209576 
97.672775  	92.531403 
25.082579  	9.115555 
13.326844  	63.162617 
97.054233  	86.036018 
65.875602  	53.606492 
57.871393  	26.156321 
13.809876  	78.886595 
32.478161  	83.352769 
81.597113  	82.037554 
16.424585  	79.273783 
65.466361  	25.137237 
73.058179  	85.463527 
39.515017  	0.485989 
11.381616  	0.266753 
68.818746  	8.071766 
59.903410  	81.594796 
92.595932  	17.357871 
80.838888  	3.361109 
21.730465  	21.026990 
34.318412  	30.674299 
67.667988  	66.143067 
35.578121  	80.663163 
83.496699  	8.034926 
36.059237  	76.787342 
32.924520  	35.091694 
87.470290  	27.990497 
94.725424  	88.159568 
56.890890  	37.259078 
6.891998  	2.773570 
92.098180  	41.461508 
62.627060  	17.631158 
97.222741  	83.852180 
99.871684  	24.999905 
48.848771  	53.995707 
64.896457  	33.057078 
86.098690  	29.361787 
17.832517  	12.370013 
77.682227  	41.903171 
15.883665  	13.364400 
76.351956  	36.632976 
18.794594  	19.470482 
99.433167  	64.175666 
66.652610  	96.547613 
79.280913  	7.336791 
58.259864  	46.655089 
18.933167  	2.710768 
91.669842  	36.789042 
45.530967  	1.703617 
6.649165  	46.367450 
71.046548  	22.574442 
64.482139  	70.764322 
84.560879  	59.079966 
53.050479  	31.933906 
58.950969  	41.913766 
26.877294  	16.120341 
28.651325  	61.751043 
48.187034  	89.072948 
65.302357  	9.353194 
15.019192  	36.366423 
75.854606  	21.670393 
47.174726  	91.330836 
51.752132  	43.310703 
27.550373  	5.585786 
18.563266  	40.687831 
59.026833  	74.662596 
77.039537  	53.344616 
46.884796  	10.620679 
82.893079  	72.608385 
49.443765  	74.124805 
69.391639  	78.420271 
20.466940  	97.905221 
27.049074  	46.606884 
21.807629  	12.305584 
3.827195  	80.477354 
12.796568  	26.747853 
32.844574  	22.744468 
76.047201  	72.807246 
59.149597  	50.320990 
16.221555  	65.494893 
79.902994  	59.217929 
31.746439  	29.280805 
0.249040  	33.125490 
51.357193  	50.699032 
31.579330  	9.887995 
70.115324  	71.377422 
25.978756  	28.347684 
19.312956  	38.841942 
66.838865  	96.394151 
76.000466  	41.159533 
94.276356  	37.959878 
10.922925  	20.775447 
33.133973  	7.895306 
80.851296  	78.517963 
30.120058  	27.771825 
64.791395  	62.277381 
28.411151  	64.166259 
21.194136  	64.465505 
85.604463  	40.407635 
23.197874  	42.983992 
14.584100  	58.052027 
8.879099  	21.997285 
28.482272  	49.738391 
64.571874  	92.113982 
80.746831  	69.919551 
82.496611  	16.724646 
34.107093  	21.959584 
30.344278  	4.875598 
15.063658  	49.625192 
15.041755  	2.328109 
39.932594  	22.719819 
74.336795  	62.590868 
42.312064  	17.526620 
68.711148  	85.609781 
52.547184  	34.035252 
14.882206  	97.553178 
56.690672  	46.745640 
93.856598  	26.545242 
75.927513  	5.746368 
74.169660  	16.725572 
68.681207  	78.170619 
26.245326  	5.035667 
65.868020  	67.477796 
24.410589  	37.563042 
99.422400  	44.549637 
5.621999  	31.269938 
55.081514  	53.986177 
65.064077  	50.493466 
79.335056  	86.562929 
24.787051  	25.367919 
84.183265  	98.808691 
24.753458  	90.462686 
63.800186  	48.578104 
98.958155  	68.127813 
80.262571  	43.544948 
49.801973  	70.972161 
39.042451  	55.811190 
81.269615  	71.880287 
68.519534  	49.147642 
39.309220  	82.705997 
38.130454  	93.841453 
36.088781  	54.005486 
86.271750  	70.829759 
63.475678  	88.203906 
12.304966  	62.663438 
81.090946  	12.582897 
4.387469  	91.810918 
76.560584  	28.688166 
66.914382  	16.825236 
37.807478  	83.941513 
15.501184  	75.928263 
94.441718  	91.099870 
70.698733  	5.978526 
13.629903  	36.156234 
17.675714  	64.092472 
93.200970  	83.737544 
14.170832  	59.351364 
40.371774  	96.946317 
39.666384  	95.009855 
86.939646  	62.827888 
30.382114  	87.645875 
44.934300  	65.117502 
4.421663  	81.251150 
58.280723  	87.445760 
7.934985  	53.175455 
66.825909  	47.591465 
19.949262  	78.833622 
95.093584  	29.271856 
8.469130  	37.267799 
45.205277  	66.492030 
0.849455  	78.711389 
65.807761  	33.206423 
86.424502  	84.129490 
89.642636  	27.779092 
29.566313  	11.337148 
14.447185  	25.857638 
86.288965  	61.550460 
38.446761  	99.779675 
90.444067  	95.469947 
47.329904  	10.245537 
87.436233  	18.874923 
41.680087  	72.678177 
21.560049  	93.600504 
50.822587  	4.041664 
19.741354  	74.552445 
95.145037  	91.680561 
77.911161  	27.914132 
26.685827  	21.569853 
95.678027  	99.497942 
63.145396  	4.783497 
25.749597  	61.864157 
50.953434  	95.158675 
7.870550  	12.828938 
55.338432  	30.693879 
63.059448  	45.457606 
69.669643  	60.427696 
85.292678  	73.613326 
54.273095  	0.003472 
87.917671  	94.705106 
44.454959  	72.973102 
35.271760  	69.033809 
46.803419  	36.727996 
54.411145  	28.883480 
24.172915  	6.848300 
77.500061  	21.292443 
99.278185  	14.314660 
68.489761  	34.901434 
97.981116  	43.573556 
58.910151  	72.012830 
19.541740  	12.287019 
22.486271  	71.009071 
1.213630  	11.533475 
95.351746  	36.132283 
27.130822  	26.742686 
91.205718  	15.866094 
98.586784  	44.636956 
1.353112  	75.722443 
72.975433  	16.600651 
42.112892  	8.385746 
16.337644  	26.682661 
98.696059  	86.517641 
44.436194  	76.103283 
62.750955  	45.919297 
17.954562  	87.646084 
33.513304  	71.123719 
91.501978  	57.954340 
90.150243  	79.014885 
55.838133  	35.475896 
81.906366  	76.566206 
68.347723  	64.134641 
53.336613  	7.466477 
76.000221  	30.047207 
82.537148  	55.980955 
91.406617  	47.715705 
57.190601  	17.284097 
79.254716  	73.479257 
79.417470  	65.640828 
96.933513  	8.125971 
42.518271  	79.747797 
1.841416  	79.729436 
13.483247  	27.611358 
94.057006  	63.850580 
37.279510  	70.785884 
75.030953  	64.684579 
49.342935  	45.789166 
38.959535  	64.476835 
43.806802  	27.887386 
19.986145  	66.347956 
77.480100  	3.419183 
7.966130  	36.523813 
75.472193  	8.727357 
14.713061  	91.431525 
84.609752  	30.966688 
50.404166  	68.344220 
76.666833  	88.411696 
74.805992  	79.437199 
1.975436  	24.104613 
30.233840  	29.102270 
85.025108  	28.957551 
35.019703  	30.092759 
11.979991  	18.134833 
33.914116  	35.164778 
62.764768  	96.995704 
31.352334  	16.689940 
39.092222  	21.462998 
14.602562  	66.830417 
68.195731  	50.048842 
31.052421  	20.809392 
38.953159  	50.972501 
55.213172  	29.258431 
17.680989  	7.581221 
65.082773  	45.386651 
81.821820  	82.303094 
19.922930  	59.413839 
17.666060  	63.738561 
58.122721  	63.755878 
13.947828  	28.571126 
11.872301  	56.847368 
83.118422  	47.681010 
20.700704  	39.713365 
55.293676  	19.970650 
4.352481  	62.764516 
88.000452  	86.811369 
39.148192  	73.928222 
13.899682  	78.174714 
12.273956  	94.220334 
69.933038  	89.874972 
55.720002  	73.519556 
43.250920  	35.865523 
11.114912  	72.702453 
22.109976  	48.108273 
17.631503  	49.423355 
21.557180  	35.732998 
64.019605  	13.663392 
66.728203  	88.680845 
6.805036  	36.811177 
95.443586  	71.977518 
57.319696  	51.977742 
27.368326  	30.297039 
66.051355  	38.368936 
23.699381  	71.065492 
13.520793  	29.872666 
2.746214  	51.103236 
86.723763  	19.822823 
83.649309  	71.044771 
57.454051  	66.421397 
45.329285  	30.430851 
37.299277  	45.935801 
90.371628  	47.163721 
15.129053  	31.777705 
27.141609  	91.785825 
57.034628  	43.702752 
66.041529  	66.069422 
88.932679  	58.969208 
58.862751  	80.543598 
44.876930  	39.085037 
12.522060  	22.882702 
95.029864  	54.277552 
14.080835  	72.542564 
42.554238  	7.771122 
69.299227  	5.899161 
16.567300  	31.967415 
29.623047  	34.732954 
86.127428  	75.714833 
41.247122  	65.107020 
54.070550  	76.547140 
13.253493  	79.386969 
82.312584  	85.575961 
89.553223  	28.501239 
44.772548  	33.085154 
45.160267  	19.712620 
72.327177  	54.939676 
16.561605  	80.137635 
73.147571  	99.761578 
19.874308  	20.859445 
65.271244  	39.616613 
1.483864  	65.544274 
7.354575  	69.148050 
36.931557  	74.620390 
19.403536  	50.794298 
45.251947  	35.624767 
78.905808  	96.564849 
61.730105  	21.985215 
62.967494  	6.548617 
85.702192  	87.415309 
43.065286  	56.286077 
46.167240  	35.098959 
74.379416  	11.699585 
45.920477  	9.277456 
62.151715  	62.678786 
85.530413  	48.328166 
67.439369  	67.807651 
57.260887  	57.141462 
79.836511  	79.025998 
21.865680  	23.936090 
97.885660  	71.673894 
20.337345  	14.500303 
95.920224  	47.626449 
5.048091  	60.496263 
49.500890  	22.966292 
58.692362  	33.455161 
8.584946  	18.101055 
32.325935  	45.245722 
70.520835  	21.993879 
17.536133  	30.742386 
53.042370  	3.305253 
30.160786  	14.218721 
13.372121  	49.391532 
40.212045  	74.307500 
1.591400  	6.579133 
78.701339  	90.091726 
60.315335  	16.213510 
55.010306  	25.981920 
76.529731  	20.888754 
18.504837  	92.432465 
53.388727  	72.373070 
94.746142  	95.997678 
84.538116  	6.583529 
75.193667  	63.908879 
36.019314  	79.003057 
51.739055  	8.231747 
87.181983  	47.838555 
84.523273  	32.024969 
15.806315  	97.612656 
87.535268  	46.652470 
91.561274  	73.950174 
64.928921  	0.091784 
34.649333  	12.503362 
39.257793  	17.617398 
93.099058  	93.072386 
25.970078  	76.582248 
47.286944  	97.886217 
19.992724  	23.052873 
11.367478  	86.198816 
64.725295  	88.504124 
77.400212  	72.994782 
21.115279  	20.575403 
54.247642  	20.990912 
52.730816  	57.766470 
23.232424  	3.920841 
0.845988  	46.810025 
82.840406  	92.149646 
20.682949  	87.503287 
35.796575  	54.876251 
73.243022  	37.917444 
23.596430  	27.697612 
66.734201  	4.361162 
52.465826  	64.084712 
62.375697  	12.022550 
79.701165  	78.108772 
61.075333  	98.965731 
64.962074  	14.708978 
11.718879  	23.415876 
27.497797  	79.936388 
11.039233  	66.435452 
58.243957  	99.550624 
15.336174  	49.033834 
23.519390  	84.809432 
93.911629  	32.860765 
94.529338  	53.532888 
78.754560  	95.147646 
45.291193  	27.738216 
51.595569  	83.363497 
73.426232  	83.258141 
50.910661  	6.918328 
80.373732  	54.958989 
2.663700  	16.018424 
4.147928  	61.084981 
95.884513  	67.682004 
22.684303  	31.898151 
8.215064  	53.020700 
14.887517  	82.906835 
12.239352  	34.645970 
94.298658  	68.086594 
37.575683  	92.360074 
38.256002  	5.732089 
37.085378  	85.099357 
24.283272  	55.257215 
10.932041  	97.741253 
7.356751  	50.105962 
59.051393  	60.778111 
9.562154  	2.659503 
54.844280  	76.625596 
41.241192  	17.132138 
52.414687  	17.967864 
55.111058  	12.535765 
82.437429  	39.085861 
59.600646  	40.983850 
45.755379  	31.176240 
38.213726  	71.811127 
17.384204  	71.264108 
26.278505  	34.754004 
1.665688  	71.215397 
30.982422  	4.995476 
50.145096  	47.754777 
6.848981  	90.130870 
63.487792  	34.494364 
22.228212  	36.443636 
41.735883  	16.529298 
31.878803  	48.919652 
58.878603  	93.648879 
83.501380  	81.168967 
31.235160  	56.020548 
48.367410  	53.724239 
53.603713  	70.613921 
61.648785  	67.712185 
65.278626  	14.656596 
37.778953  	65.478896 
71.990373  	59.310258 
33.369708  	45.561108 
54.664073  	61.472915 
26.631231  	0.036333 
24.707047  	22.426121 
2.745645  	62.142661 
75.879639  	87.066162 
27.150223  	30.658760 
63.860806  	99.775880 
12.337227  	69.696016 
46.785096  	8.044111 
25.634809  	45.073901 
13.345408  	34.399619 
28.960697  	57.117916 
98.124986  	54.185852 
22.673234  	2.856206 
12.619989  	79.040543 
3.015382  	69.437372 
77.596368  	18.460362 
54.799424  	33.010596 
99.270232  	56.097809 
39.518185  	48.505714 
48.392825  	23.706088 
31.394555  	55.188328 
51.097308  	60.940444 
77.280746  	9.400131 
67.277861  	85.598827 
97.301059  	49.445335 
27.315926  	80.485082 
58.219593  	41.651194 
50.208249  	77.571036 
27.358389  	8.858981 
30.059471  	92.442439 
65.245037  	27.825069 
57.738923  	23.077966 
33.897128  	51.357960 
68.518202  	93.516017 
65.816609  	64.726481 
43.691905  	43.604521 
88.162451  	86.351533 
12.055829  	5.398884 
8.993756  	76.993576 
60.603768  	48.545135 
83.840200  	6.201879 
7.462816  	15.975988 
5.665771  	85.385509 
73.735560  	40.349213 
99.230104  	84.915100 
58.055781  	88.833520 
91.951255  	20.026613 
57.838728  	58.211796 
34.027729  	26.660725 
40.991454  	91.437864 
71.260259  	5.320148 
37.040292  	53.441087 
4.020729  	59.916264 
83.112055  	25.540800 
32.921816  	22.800393 
56.393689  	57.173425 
15.098172  	29.546854 
86.470343  	83.614002 
85.939744  	10.645565 
25.282242  	68.135471 
34.742967  	47.518643 
41.117382  	25.062527 
18.186121  	63.063453 
25.891059  	77.155474 
19.606676  	41.269464 
66.017783  	21.331820 
16.209858  	76.142485 
99.435228  	28.483288 
46.007218  	87.363863 
43.562725  	19.869492 
46.053494  	10.468316 
78.527548  	8.845932 
19.938218  	91.204613 
22.128975  	92.372302 
64.612791  	78.599583 
0.185116  	75.216012 
80.514370  	46.859033 
51.739238  	58.732669 
14.146921  	73.215158 
30.643690  	57.547171 
83.016366  	38.232257 
42.271971  	73.965402 
65.979741  	9.097331 
8.969460  	89.650828 
92.298068  	79.918551 
73.353965  	95.993991 
38.181087  	61.146153 
77.850793  	64.535540 
52.846803  	17.528616 
67.906714  	72.158062 
19.073716  	33.497159 
16.802389  	81.249753 
38.147262  	8.434859 
68.901348  	41.599025 
87.543493  	80.157889 
40.310021  	91.949421 
25.660638  	58.182808 
35.833478  	94.582286 
62.322967  	12.008914 
52.273380  	13.275233 
11.885084  	95.971612 
77.276165  	78.571508 
64.083067  	55.396344 
66.426789  	2.072306 
10.777572  	9.111824 
87.816801  	31.392569 
17.659682  	44.771067 
5.758104  	70.329735 
37.467599  	86.013555 
43.193132  	72.432800 
19.288567  	21.305452 
20.777062  	59.225431 
16.763690  	84.454020 
4.479374  	39.589209 
0.378573  	87.602305 
17.324541  	18.393575 
42.491005  	83.522853 
8.589294  	25.119542 
76.194294  	82.889672 
16.586504  	10.316647 
29.590424  	17.426075 
55.408133  	49.803245 
18.227251  	76.951357 
66.040656  	7.100269 
10.278451  	29.609444 
26.731338  	9.789458 
69.411675  	3.333938 
67.538898  	83.983155 
91.798415  	90.552351 
52.132235  	23.850613 
32.549709  	7.639507 
6.736305  	35.254724 
35.637899  	45.184083 
38.593652  	17.818511 
14.656071  	88.711305 
68.155301  	89.303310 
3.835707  	66.071465 
10.236993  	34.283077 
8.614223  	87.248207 
89.285878  	51.220052 
90.751864  	75.583008 
66.096061  	55.326211 
97.144252  	64.550908 
24.233198  	13.770752 
67.276058  	95.327552 
52.075808  	40.057936 
13.056825  	58.547925 
15.735332  	66.045828 
46.731253  	22.917365 
7.676149  	31.802723 
4.806306  	49.552177 
29.495748  	5.008232 
29.578008  	87.907737 
18.005016  	87.930237 
88.622392  	42.969162 
16.813833  	13.492115 
17.199153  	35.444859 
70.100684  	18.443262 
7.414319  	67.276583 
19.959774  	50.592282 
55.791378  	93.816423 
88.775826  	42.123524 
43.002342  	91.890968 
2.691613  	44.589082 
28.312785  	44.033938 
21.598320  	57.413949 
87.633561  	98.206316 
80.360833  	97.117243 
74.538568  	2.596580 
19.324802  	8.044286 
4.597446  	5.974629 
64.685339  	39.167195 
40.064855  	75.652123 
42.648692  	22.718875 
83.903287  	90.338415 
95.604435  	10.593307 
42.959194  	84.890143 
69.817498  	87.872287 
33.845753  	48.693531 
49.601532  	12.132040 
43.764773  	65.393139 
70.688151  	29.439405 
97.457769  	0.710396 
60.336838  	96.529701 
4.655359  	46.315017 
56.787391  	58.923407 
20.266083  	13.933534 
35.347582  	6.205057 
53.563750  	60.771142 
21.299741  	35.932773 
88.092360  	37.932112 
85.721656  	34.741287 
69.991070  	21.959245 
32.802124  	94.832494 
94.717082  	20.104114 
71.928835  	87.523937 
81.104999  	16.148603 
73.300397  	85.690550 
30.777425  	85.218958 
75.973332  	91.691274 
86.453197  	22.104030 
90.074592  	11.807312 
93.283495  	8.071468 
73.157568  	49.392050 
30.958301  	37.703816 
69.889456  	98.331450 
8.930357  	45.476597 
61.537917  	69.262139 
85.713744  	12.281484 
11.165672  	92.974294 
17.061559  	94.257091 
76.493172  	21.995593 
5.132855  	24.811855 
56.071556  	43.571767 
13.466949  	31.613728 
76.518931  	62.051063 
81.785389  	17.958786 
42.353568  	68.384914 
81.863850  	32.178529 
16.681617  	73.805166 
3.290041  	96.843999 
58.226243  	27.782410 
88.618161  	95.852556 
73.543907  	28.068984 
56.771108  	23.570881 
61.275296  	19.542660 
0.122094  	59.814609 
56.680774  	39.284831 
70.734474  	67.633981 
55.678829  	13.204400 
10.347835  	69.815942 
75.360280  	14.635761 
97.897619  	45.356191 
80.111795  	31.618270 
76.189025  	80.531429 
61.288673  	70.874165 
8.596152  	74.083167 
25.869973  	37.100569 
24.199271  	0.547941 
67.406203  	95.969148 
29.024302  	8.478768 
61.521888  	8.055709 
76.482225  	34.990617 
36.707128  	24.437563 
70.661504  	93.493619 
89.564932  	71.704118 
57.052332  	99.811422 
26.913928  	2.055832 
36.010772  	24.451612 
92.355127  	34.098771 
70.639476  	81.760885 
57.159687  	48.891532 
81.736759  	48.981165 
54.581068  	70.920679 
15.780500  	11.452719 
63.772307  	12.708172 
67.398879  	35.034252 
94.611018  	82.116181 
30.161010  	53.656437 
3.792433  	97.080158 
69.925904  	91.663375 
85.659242  	79.941392 
52.419749  	16.638593 
75.441073  	43.304040 
86.751937  	64.628346 
97.305139  	90.962915 
4.289500  	30.498464 
86.423496  	29.834306 
30.636803  	50.685191 
21.803178  	30.254336 
55.163875  	89.249201 
37.849111  	64.997525 
8.795430  	74.039709 
47.750670  	20.247973 
84.825305  	45.537798 
73.388935  	5.815651 
99.167357  	82.439050 
72.053872  	93.070149 
7.162271  	98.580230 
74.018010  	91.614209 
89.050573  	86.566084 
85.104190  	71.263046 
55.257778  	29.161139 
92.390207  	79.674107 
13.141589  	42.482825 
18.376555  	78.877576 
79.398713  	24.583274 
73.775349  	40.236073 
54.837241  	96.052570 
71.778858  	31.920384 
45.940004  	52.347151 
52.940117  	31.415645 
6.281745  	33.601979 
48.239876  	61.023160 
97.846952  	93.137300 
0.327083  	85.978348 
75.449633  	33.495147 
53.176471  	94.599164 
56.826900  	21.512302 
53.892431  	96.646024 
38.752418  	0.120607 
15.255568  	1.189756 
